# TEMPERATURE = 8.500000e+01
# FREQ WR(AV) WI(AV)
1.00000000000e+00 1.38191457091e+03 -6.15702535974e-01
1.02329299228e+00 1.38191455798e+03 -6.30044084496e-01
1.04712854805e+00 1.38191454445e+03 -6.44719690176e-01
1.07151930524e+00 1.38191453027e+03 -6.59737134173e-01
1.09647819614e+00 1.38191451542e+03 -6.75104378894e-01
1.12201845430e+00 1.38191449988e+03 -6.90829572208e-01
1.14815362150e+00 1.38191448360e+03 -7.06921051773e-01
1.17489755494e+00 1.38191446656e+03 -7.23387349452e-01
1.20226443462e+00 1.38191444871e+03 -7.40237195838e-01
1.23026877081e+00 1.38191443002e+03 -7.57479524881e-01
1.25892541179e+00 1.38191441045e+03 -7.75123478629e-01
1.28824955169e+00 1.38191438996e+03 -7.93178412070e-01
1.31825673856e+00 1.38191436850e+03 -8.11653898095e-01
1.34896288259e+00 1.38191434603e+03 -8.30559732572e-01
1.38038426460e+00 1.38191432250e+03 -8.49905939540e-01
1.41253754462e+00 1.38191429786e+03 -8.69702776523e-01
1.44543977075e+00 1.38191427207e+03 -8.89960739967e-01
1.47910838817e+00 1.38191424505e+03 -9.10690570809e-01
1.51356124844e+00 1.38191421677e+03 -9.31903260167e-01
1.54881661891e+00 1.38191418715e+03 -9.53610055171e-01
1.58489319246e+00 1.38191415613e+03 -9.75822464921e-01
1.62181009736e+00 1.38191412365e+03 -9.98552266593e-01
1.65958690744e+00 1.38191408964e+03 -1.02181151168e+00
1.69824365246e+00 1.38191405403e+03 -1.04561253239e+00
1.73780082875e+00 1.38191401674e+03 -1.06996794816e+00
1.77827941004e+00 1.38191397769e+03 -1.09489067238e+00
1.81970085861e+00 1.38191393681e+03 -1.12039391920e+00
1.86208713666e+00 1.38191389399e+03 -1.14649121059e+00
1.90546071796e+00 1.38191384916e+03 -1.17319638344e+00
1.94984459976e+00 1.38191380222e+03 -1.20052359696e+00
1.99526231497e+00 1.38191375306e+03 -1.22848734013e+00
2.04173794467e+00 1.38191370159e+03 -1.25710243943e+00
2.08929613085e+00 1.38191364769e+03 -1.28638406667e+00
2.13796208950e+00 1.38191359125e+03 -1.31634774704e+00
2.18776162395e+00 1.38191353215e+03 -1.34700936734e+00
2.23872113857e+00 1.38191347026e+03 -1.37838518440e+00
2.29086765277e+00 1.38191340546e+03 -1.41049183371e+00
2.34422881532e+00 1.38191333760e+03 -1.44334633823e+00
2.39883291902e+00 1.38191326655e+03 -1.47696611739e+00
2.45470891569e+00 1.38191319215e+03 -1.51136899638e+00
2.51188643151e+00 1.38191311424e+03 -1.54657321555e+00
2.57039578277e+00 1.38191303266e+03 -1.58259744008e+00
2.63026799190e+00 1.38191294723e+03 -1.61946076992e+00
2.69153480393e+00 1.38191285778e+03 -1.65718274985e+00
2.75422870334e+00 1.38191276411e+03 -1.69578337990e+00
2.81838293126e+00 1.38191266603e+03 -1.73528312590e+00
2.88403150313e+00 1.38191256333e+03 -1.77570293037e+00
2.95120922667e+00 1.38191245578e+03 -1.81706422360e+00
3.01995172040e+00 1.38191234317e+03 -1.85938893500e+00
3.09029543251e+00 1.38191222525e+03 -1.90269950473e+00
3.16227766017e+00 1.38191210177e+03 -1.94701889562e+00
3.23593656930e+00 1.38191197248e+03 -1.99237060529e+00
3.31131121483e+00 1.38191183709e+03 -2.03877867866e+00
3.38844156139e+00 1.38191169532e+03 -2.08626772063e+00
3.46736850453e+00 1.38191154686e+03 -2.13486290918e+00
3.54813389234e+00 1.38191139142e+03 -2.18459000868e+00
3.63078054770e+00 1.38191122864e+03 -2.23547538355e+00
3.71535229097e+00 1.38191105820e+03 -2.28754601223e+00
3.80189396321e+00 1.38191087972e+03 -2.34082950147e+00
3.89045144994e+00 1.38191069283e+03 -2.39535410100e+00
3.98107170553e+00 1.38191049713e+03 -2.45114871843e+00
4.07380277804e+00 1.38191029221e+03 -2.50824293463e+00
4.16869383470e+00 1.38191007763e+03 -2.56666701936e+00
4.26579518802e+00 1.38190985294e+03 -2.62645194734e+00
4.36515832240e+00 1.38190961766e+03 -2.68762941464e+00
4.46683592151e+00 1.38190937129e+03 -2.75023185549e+00
4.57088189615e+00 1.38190911331e+03 -2.81429245944e+00
4.67735141287e+00 1.38190884317e+03 -2.87984518896e+00
4.78630092323e+00 1.38190856031e+03 -2.94692479743e+00
4.89778819368e+00 1.38190826411e+03 -3.01556684757e+00
5.01187233627e+00 1.38190795395e+03 -3.08580773021e+00
5.12861383991e+00 1.38190762917e+03 -3.15768468366e+00
5.24807460250e+00 1.38190728909e+03 -3.23123581335e+00
5.37031796370e+00 1.38190693298e+03 -3.30650011205e+00
5.49540873858e+00 1.38190656009e+03 -3.38351748054e+00
5.62341325190e+00 1.38190616962e+03 -3.46232874870e+00
5.75439937337e+00 1.38190576075e+03 -3.54297569714e+00
5.88843655356e+00 1.38190533262e+03 -3.62550107935e+00
6.02559586074e+00 1.38190488430e+03 -3.70994864432e+00
6.16595001861e+00 1.38190441486e+03 -3.79636315967e+00
6.30957344480e+00 1.38190392330e+03 -3.88479043542e+00
6.45654229035e+00 1.38190340856e+03 -3.97527734819e+00
6.60693448008e+00 1.38190286957e+03 -4.06787186600e+00
6.76082975392e+00 1.38190230518e+03 -4.16262307372e+00
6.91830970919e+00 1.38190171419e+03 -4.25958119899e+00
7.07945784384e+00 1.38190109535e+03 -4.35879763882e+00
7.24435960075e+00 1.38190044734e+03 -4.46032498681e+00
7.41310241301e+00 1.38189976880e+03 -4.56421706094e+00
7.58577575029e+00 1.38189905827e+03 -4.67052893204e+00
7.76247116629e+00 1.38189831426e+03 -4.77931695298e+00
7.94328234724e+00 1.38189753519e+03 -4.89063878840e+00
8.12830516164e+00 1.38189671940e+03 -5.00455344526e+00
8.31763771103e+00 1.38189586517e+03 -5.12112130404e+00
8.51138038202e+00 1.38189497068e+03 -5.24040415062e+00
8.70963589956e+00 1.38189403403e+03 -5.36246520901e+00
8.91250938134e+00 1.38189305324e+03 -5.48736917472e+00
9.12010839356e+00 1.38189202623e+03 -5.61518224898e+00
9.33254300797e+00 1.38189095083e+03 -5.74597217371e+00
9.54992586021e+00 1.38188982474e+03 -5.87980826731e+00
9.77237220956e+00 1.38188864558e+03 -6.01676146130e+00
1.00000000000e+01 1.38188741085e+03 -6.15690433777e+00
1.02329299228e+01 1.38188611793e+03 -6.30031116771e+00
1.04712854805e+01 1.38188476408e+03 -6.44705795022e+00
1.07151930524e+01 1.38188334643e+03 -6.59722245263e+00
1.09647819614e+01 1.38188186197e+03 -6.75088425156e+00
1.12201845430e+01 1.38188030756e+03 -6.90812477490e+00
1.14815362150e+01 1.38187867989e+03 -7.06902734474e+00
1.17489755494e+01 1.38187697551e+03 -7.23367722137e+00
1.20226443462e+01 1.38187519082e+03 -7.40216164818e+00
1.23026877081e+01 1.38187332202e+03 -7.57456989768e+00
1.25892541179e+01 1.38187136515e+03 -7.75099331855e+00
1.28824955169e+01 1.38186931606e+03 -7.93152538375e+00
1.31825673856e+01 1.38186717041e+03 -8.11626173975e+00
1.34896288259e+01 1.38186492365e+03 -8.30530025691e+00
1.38038426460e+01 1.38186257100e+03 -8.49874108098e+00
1.41253754462e+01 1.38186010749e+03 -8.69668668579e+00
1.44543977075e+01 1.38185752789e+03 -8.89924192716e+00
1.47910838817e+01 1.38185482672e+03 -9.10651409801e+00
1.51356124844e+01 1.38185199826e+03 -9.31861298478e+00
1.54881661891e+01 1.38184903651e+03 -9.53565092508e+00
1.58489319246e+01 1.38184593520e+03 -9.75774286669e+00
1.62181009736e+01 1.38184268773e+03 -9.98500642789e+00
1.65958690744e+01 1.38183928724e+03 -1.02175619592e+01
1.69824365246e+01 1.38183572651e+03 -1.04555326063e+01
1.73780082875e+01 1.38183199798e+03 -1.06990443750e+01
1.77827941004e+01 1.38182809375e+03 -1.09482261967e+01
1.81970085861e+01 1.38182400555e+03 -1.12032099964e+01
1.86208713666e+01 1.38181972470e+03 -1.14641307611e+01
1.90546071796e+01 1.38181524212e+03 -1.17311266112e+01
1.94984459976e+01 1.38181054833e+03 -1.20043388718e+01
1.99526231497e+01 1.38180563335e+03 -1.22839121472e+01
2.04173794467e+01 1.38180048678e+03 -1.25699943958e+01
2.08929613085e+01 1.38179509770e+03 -1.28627370078e+01
2.13796208950e+01 1.38178945468e+03 -1.31622948834e+01
2.18776162395e+01 1.38178354577e+03 -1.34688265140e+01
2.23872113857e+01 1.38177735843e+03 -1.37824940644e+01
2.29086765277e+01 1.38177087955e+03 -1.41034634570e+01
2.34422881532e+01 1.38176409539e+03 -1.44319044579e+01
2.39883291902e+01 1.38175699158e+03 -1.47679907650e+01
2.45470891569e+01 1.38174955306e+03 -1.51119000982e+01
2.51188643151e+01 1.38174176405e+03 -1.54638142908e+01
2.57039578277e+01 1.38173360805e+03 -1.58239193840e+01
2.63026799190e+01 1.38172506778e+03 -1.61924057228e+01
2.69153480393e+01 1.38171612513e+03 -1.65694680537e+01
2.75422870334e+01 1.38170676115e+03 -1.69553056256e+01
2.81838293126e+01 1.38169695599e+03 -1.73501222919e+01
2.88403150313e+01 1.38168668888e+03 -1.77541266149e+01
2.95120922667e+01 1.38167593806e+03 -1.81675319734e+01
3.01995172040e+01 1.38166468075e+03 -1.85905566709e+01
3.09029543251e+01 1.38165289310e+03 -1.90234240482e+01
3.16227766017e+01 1.38164055012e+03 -1.94663625962e+01
3.23593656930e+01 1.38162762568e+03 -1.99196060731e+01
3.31131121483e+01 1.38161409238e+03 -2.03833936225e+01
3.38844156139e+01 1.38159992157e+03 -2.08579698949e+01
3.46736850453e+01 1.38158508321e+03 -2.13435851715e+01
3.54813389234e+01 1.38156954589e+03 -2.18404954902e+01
3.63078054770e+01 1.38155327669e+03 -2.23489627748e+01
3.71535229097e+01 1.38153624116e+03 -2.28692549662e+01
3.80189396321e+01 1.38151840321e+03 -2.34016461569e+01
3.89045144994e+01 1.38149972509e+03 -2.39464167278e+01
3.98107170553e+01 1.38148016723e+03 -2.45038534876e+01
4.07380277804e+01 1.38145968823e+03 -2.50742498154e+01
4.16869383470e+01 1.38143824474e+03 -2.56579058057e+01
4.26579518802e+01 1.38141579137e+03 -2.62551284168e+01
4.36515832240e+01 1.38139228057e+03 -2.68662316209e+01
4.46683592151e+01 1.38136766261e+03 -2.74915365586e+01
4.57088189615e+01 1.38134188538e+03 -2.81313716950e+01
4.67735141287e+01 1.38131489434e+03 -2.87860729792e+01
4.78630092323e+01 1.38128663238e+03 -2.94559840070e+01
4.89778819368e+01 1.38125703971e+03 -3.01414561862e+01
5.01187233627e+01 1.38122605374e+03 -3.08428489047e+01
5.12861383991e+01 1.38119360894e+03 -3.15605297019e+01
5.24807460250e+01 1.38115963670e+03 -3.22948744430e+01
5.37031796370e+01 1.38112406519e+03 -3.30462674961e+01
5.49540873858e+01 1.38108681920e+03 -3.38151019120e+01
5.62341325190e+01 1.38104782002e+03 -3.46017796076e+01
5.75439937337e+01 1.38100698523e+03 -3.54067115518e+01
5.88843655356e+01 1.38096422854e+03 -3.62303179538e+01
6.02559586074e+01 1.38091945963e+03 -3.70730284551e+01
6.16595001861e+01 1.38087258393e+03 -3.79352823238e+01
6.30957344480e+01 1.38082350246e+03 -3.88175286516e+01
6.45654229035e+01 1.38077211160e+03 -3.97202265537e+01
6.60693448008e+01 1.38071830285e+03 -4.06438453709e+01
6.76082975392e+01 1.38066196268e+03 -4.15888648749e+01
6.91830970919e+01 1.38060297220e+03 -4.25557754751e+01
7.07945784384e+01 1.38054120699e+03 -4.35450784284e+01
7.24435960075e+01 1.38047653680e+03 -4.45572860510e+01
7.41310241301e+01 1.38040882529e+03 -4.55929219321e+01
7.58577575029e+01 1.38033792976e+03 -4.66525211496e+01
7.76247116629e+01 1.38026370082e+03 -4.77366304874e+01
7.94328234724e+01 1.38018598215e+03 -4.88458086543e+01
8.12830516164e+01 1.38010461008e+03 -4.99806265043e+01
8.31763771103e+01 1.38001941335e+03 -5.11416672576e+01
8.51138038202e+01 1.37993021270e+03 -5.23295267228e+01
8.70963589956e+01 1.37983682051e+03 -5.35448135196e+01
8.91250938134e+01 1.37973904044e+03 -5.47881493012e+01
9.12010839356e+01 1.37963666698e+03 -5.60601689773e+01
9.33254300797e+01 1.37952948509e+03 -5.73615209359e+01
9.54992586021e+01 1.37941726973e+03 -5.86928672647e+01
9.77237220956e+01 1.37929978538e+03 -6.00548839709e+01
1.00000000000e+02 1.37917678562e+03 -6.14482611992e+01
1.02329299228e+02 1.37904801258e+03 -6.28737034473e+01
1.04712854805e+02 1.37891319641e+03 -6.43319297787e+01
1.07151930524e+02 1.37877205481e+03 -6.58236740317e+01
1.09647819614e+02 1.37862429238e+03 -6.73496850242e+01
1.12201845430e+02 1.37846960007e+03 -6.89107267541e+01
1.14815362150e+02 1.37830765454e+03 -7.05075785928e+01
1.17489755494e+02 1.37813811753e+03 -7.21410354732e+01
1.20226443462e+02 1.37796063520e+03 -7.38119080698e+01
1.23026877081e+02 1.37777483737e+03 -7.55210229702e+01
1.25892541179e+02 1.37758033686e+03 -7.72692228373e+01
1.28824955169e+02 1.37737672868e+03 -7.90573665604e+01
1.31825673856e+02 1.37716358924e+03 -8.08863293952e+01
1.34896288259e+02 1.37694047555e+03 -8.27570030896e+01
1.38038426460e+02 1.37670692432e+03 -8.46702959956e+01
1.41253754462e+02 1.37646245106e+03 -8.66271331645e+01
1.44543977075e+02 1.37620654919e+03 -8.86284564248e+01
1.47910838817e+02 1.37593868900e+03 -9.06752244403e+01
1.51356124844e+02 1.37565831671e+03 -9.27684127466e+01
1.54881661891e+02 1.37536485332e+03 -9.49090137645e+01
1.58489319246e+02 1.37505769361e+03 -9.70980367877e+01
1.62181009736e+02 1.37473620494e+03 -9.93365079427e+01
1.65958690744e+02 1.37439972607e+03 -1.01625470118e+02
1.69824365246e+02 1.37404756596e+03 -1.03965982861e+02
1.73780082875e+02 1.37367900244e+03 -1.06359122239e+02
1.77827941004e+02 1.37329328094e+03 -1.08805980660e+02
1.81970085861e+02 1.37288961307e+03 -1.11307666657e+02
1.86208713666e+02 1.37246717522e+03 -1.13865304616e+02
1.90546071796e+02 1.37202510705e+03 -1.16480034470e+02
1.94984459976e+02 1.37156251001e+03 -1.19153011327e+02
1.99526231497e+02 1.37107844570e+03 -1.21885405050e+02
2.04173794467e+02 1.37057193426e+03 -1.24678399769e+02
2.08929613085e+02 1.37004195267e+03 -1.27533193337e+02
2.13796208950e+02 1.36948743298e+03 -1.30450996706e+02
2.18776162395e+02 1.36890726053e+03 -1.33433033229e+02
2.23872113857e+02 1.36830027209e+03 -1.36480537890e+02
2.29086765277e+02 1.36766525390e+03 -1.39594756435e+02
2.34422881532e+02 1.36700093972e+03 -1.42776944419e+02
2.39883291902e+02 1.36630600879e+03 -1.46028366147e+02
2.45470891569e+02 1.36557908372e+03 -1.49350293520e+02
2.51188643151e+02 1.36481872840e+03 -1.52744004754e+02
2.57039578277e+02 1.36402344574e+03 -1.56210782992e+02
2.63026799190e+02 1.36319167542e+03 -1.59751914778e+02
2.69153480393e+02 1.36232179165e+03 -1.63368688402e+02
2.75422870334e+02 1.36141210074e+03 -1.67062392095e+02
2.81838293126e+02 1.36046083878e+03 -1.70834312077e+02
2.88403150313e+02 1.35946616912e+03 -1.74685730434e+02
2.95120922667e+02 1.35842617999e+03 -1.78617922832e+02
3.01995172040e+02 1.35733888193e+03 -1.82632156039e+02
3.09029543251e+02 1.35620220526e+03 -1.86729685263e+02
3.16227766017e+02 1.35501399757e+03 -1.90911751285e+02
3.23593656930e+02 1.35377202109e+03 -1.95179577371e+02
3.31131121483e+02 1.35247395020e+03 -1.99534365971e+02
3.38844156139e+02 1.35111736877e+03 -2.03977295169e+02
3.46736850453e+02 1.34969976767e+03 -2.08509514890e+02
3.54813389234e+02 1.34821854223e+03 -2.13132142853e+02
3.63078054770e+02 1.34667098972e+03 -2.17846260237e+02
3.71535229097e+02 1.34505430695e+03 -2.22652907074e+02
3.80189396321e+02 1.34336558785e+03 -2.27553077345e+02
3.89045144994e+02 1.34160182122e+03 -2.32547713760e+02
3.98107170553e+02 1.33975988855e+03 -2.37637702228e+02
4.07380277804e+02 1.33783656192e+03 -2.42823865987e+02
4.16869383470e+02 1.33582850209e+03 -2.48106959393e+02
4.26579518802e+02 1.33373225679e+03 -2.53487661365e+02
4.36515832240e+02 1.33154425910e+03 -2.58966568454e+02
4.46683592151e+02 1.32926082619e+03 -2.64544187551e+02
4.57088189615e+02 1.32687815817e+03 -2.70220928212e+02
4.67735141287e+02 1.32439233734e+03 -2.75997094598e+02
4.78630092323e+02 1.32179932771e+03 -2.81872877027e+02
4.89778819368e+02 1.31909497488e+03 -2.87848343132e+02
5.01187233627e+02 1.31627500631e+03 -2.93923428627e+02
5.12861383991e+02 1.31333503203e+03 -3.00097927677e+02
5.24807460250e+02 1.31027054587e+03 -3.06371482888e+02
5.37031796370e+02 1.30707692717e+03 -3.12743574910e+02
5.49540873858e+02 1.30374944306e+03 -3.19213511676e+02
5.62341325190e+02 1.30028325143e+03 -3.25780417284e+02
5.75439937337e+02 1.29667340453e+03 -3.32443220543e+02
5.88843655356e+02 1.29291485329e+03 -3.39200643211e+02
6.02559586074e+02 1.28900245251e+03 -3.46051187944e+02
6.16595001861e+02 1.28493096676e+03 -3.52993126008e+02
6.30957344480e+02 1.28069507737e+03 -3.60024484767e+02
6.45654229035e+02 1.27628939021e+03 -3.67143035023e+02
6.60693448008e+02 1.27170844458e+03 -3.74346278243e+02
6.76082975392e+02 1.26694672317e+03 -3.81631433741e+02
6.91830970919e+02 1.26199866318e+03 -3.88995425880e+02
7.07945784384e+02 1.25685866855e+03 -3.96434871379e+02
7.24435960075e+02 1.25152112349e+03 -4.03946066801e+02
7.41310241301e+02 1.24598040733e+03 -4.11524976319e+02
7.58577575029e+02 1.24023091060e+03 -4.19167219872e+02
7.76247116629e+02 1.23426705262e+03 -4.26868061810e+02
7.94328234724e+02 1.22808330030e+03 -4.34622400152e+02
8.12830516164e+02 1.22167418855e+03 -4.42424756603e+02
8.31763771103e+02 1.21503434200e+03 -4.50269267438e+02
8.51138038202e+02 1.20815849817e+03 -4.58149675439e+02
8.70963589956e+02 1.20104153206e+03 -4.66059322997e+02
8.91250938134e+02 1.19367848217e+03 -4.73991146580e+02
9.12010839356e+02 1.18606457780e+03 -4.81937672708e+02
9.33254300797e+02 1.17819526765e+03 -4.89891015613e+02
9.54992586021e+02 1.17006624971e+03 -4.97842876768e+02
9.77237220956e+02 1.16167350212e+03 -5.05784546450e+02
1.00000000000e+03 1.15301331515e+03 -5.13706907512e+02
1.02329299228e+03 1.14408232395e+03 -5.21600441553e+02
1.04712854805e+03 1.13487754203e+03 -5.29455237627e+02
1.07151930524e+03 1.12539639524e+03 -5.37261003678e+02
1.09647819614e+03 1.11563675599e+03 -5.45007080822e+02
1.12201845430e+03 1.10559697760e+03 -5.52682460633e+02
1.14815362150e+03 1.09527592839e+03 -5.60275805529e+02
1.17489755494e+03 1.08467302531e+03 -5.67775472375e+02
1.20226443462e+03 1.07378826678e+03 -5.75169539343e+02
1.23026877081e+03 1.06262226444e+03 -5.82445836109e+02
1.25892541179e+03 1.05117627345e+03 -5.89591977358e+02
1.28824955169e+03 1.03945222099e+03 -5.96595399610e+02
1.31825673856e+03 1.02745273266e+03 -6.03443401278e+02
1.34896288259e+03 1.01518115630e+03 -6.10123185870e+02
1.38038426460e+03 1.00264158295e+03 -6.16621908189e+02
1.41253754462e+03 9.89838864627e+02 -6.22926723342e+02
1.44543977075e+03 9.76778628423e+02 -6.29024838320e+02
1.47910838817e+03 9.63467286704e+02 -6.34903565878e+02
1.51356124844e+03 9.49912043061e+02 -6.40550380386e+02
1.54881661891e+03 9.36120893716e+02 -6.45952975284e+02
1.58489319246e+03 9.22102624133e+02 -6.51099321729e+02
1.62181009736e+03 9.07866800616e+02 -6.55977727993e+02
1.65958690744e+03 8.93423756735e+02 -6.60576899128e+02
1.69824365246e+03 8.78784574449e+02 -6.64885996386e+02
1.73780082875e+03 8.63961059876e+02 -6.68894695857e+02
1.77827941004e+03 8.48965713702e+02 -6.72593245787e+02
1.81970085861e+03 8.33811696291e+02 -6.75972522008e+02
1.86208713666e+03 8.18512787628e+02 -6.79024080928e+02
1.90546071796e+03 8.03083342290e+02 -6.81740209519e+02
1.94984459976e+03 7.87538239686e+02 -6.84113971789e+02
1.99526231497e+03 7.71892829925e+02 -6.86139251209e+02
2.04173794467e+03 7.56162875663e+02 -6.87810788636e+02
2.08929613085e+03 7.40364490392e+02 -6.89124215295e+02
2.13796208950e+03 7.24514073664e+02 -6.90076080438e+02
2.18776162395e+03 7.08628243786e+02 -6.90663873359e+02
2.23872113857e+03 6.92723768572e+02 -6.90886039505e+02
2.29086765277e+03 6.76817494751e+02 -6.90741990493e+02
2.34422881532e+03 6.60926276674e+02 -6.90232107902e+02
2.39883291902e+03 6.45066904944e+02 -6.89357740817e+02
2.45470891568e+03 6.29256035629e+02 -6.88121197125e+02
2.51188643151e+03 6.13510120667e+02 -6.86525728698e+02
2.57039578277e+03 5.97845340104e+02 -6.84575510616e+02
2.63026799190e+03 5.82277536728e+02 -6.82275614682e+02
2.69153480393e+03 5.66822153659e+02 -6.79631977552e+02
2.75422870334e+03 5.51494175405e+02 -6.76651363828e+02
2.81838293126e+03 5.36308072828e+02 -6.73341324552e+02
2.88403150313e+03 5.21277752432e+02 -6.69710151560e+02
2.95120922667e+03 5.06416510294e+02 -6.65766828197e+02
3.01995172040e+03 4.91736990930e+02 -6.61520976921e+02
3.09029543251e+03 4.77251151288e+02 -6.56982804345e+02
3.16227766017e+03 4.62970230024e+02 -6.52163044284e+02
3.23593656930e+03 4.48904722122e+02 -6.47072899340e+02
3.31131121483e+03 4.35064358879e+02 -6.41723981610e+02
3.38844156139e+03 4.21458093208e+02 -6.36128253031e+02
3.46736850453e+03 4.08094090147e+02 -6.30297965878e+02
3.54813389234e+03 3.94979722415e+02 -6.24245603924e+02
3.63078054770e+03 3.82121570817e+02 -6.17983824691e+02
3.71535229097e+03 3.69525429244e+02 -6.11525403225e+02
3.80189396321e+03 3.57196313990e+02 -6.04883177769e+02
3.89045144994e+03 3.45138477072e+02 -5.98069997665e+02
3.98107170553e+03 3.33355423216e+02 -5.91098673776e+02
4.07380277804e+03 3.21849930174e+02 -5.83981931672e+02
4.16869383470e+03 3.10624071989e+02 -5.76732367771e+02
4.26579518802e+03 2.99679244851e+02 -5.69362408602e+02
4.36515832240e+03 2.89016195191e+02 -5.61884273285e+02
4.46683592151e+03 2.78635049626e+02 -5.54309939310e+02
4.57088189615e+03 2.68535346422e+02 -5.46651111639e+02
4.67735141287e+03 2.58716068135e+02 -5.38919195132e+02
4.78630092323e+03 2.49175675092e+02 -5.31125270258e+02
4.89778819368e+03 2.39912139424e+02 -5.23280072028e+02
5.01187233627e+03 2.30922979355e+02 -5.15393972059e+02
5.12861383991e+03 2.22205293496e+02 -5.07476963657e+02
5.24807460250e+03 2.13755794885e+02 -4.99538649793e+02
5.37031796370e+03 2.05570844584e+02 -4.91588233817e+02
5.49540873858e+03 1.97646484615e+02 -4.83634512772e+02
5.62341325190e+03 1.89978470084e+02 -4.75685873113e+02
5.75439937337e+03 1.82562300337e+02 -4.67750288695e+02
5.88843655356e+03 1.75393249037e+02 -4.59835320823e+02
6.02559586074e+03 1.68466393037e+02 -4.51948120206e+02
6.16595001861e+03 1.61776639998e+02 -4.44095430637e+02
6.30957344480e+03 1.55318754658e+02 -4.36283594224e+02
6.45654229035e+03 1.49087383731e+02 -4.28518558001e+02
6.60693448008e+03 1.43077079386e+02 -4.20805881765e+02
6.76082975392e+03 1.37282321303e+02 -4.13150746970e+02
6.91830970919e+03 1.31697537303e+02 -4.05557966548e+02
7.07945784384e+03 1.26317122549e+02 -3.98031995490e+02
7.24435960075e+03 1.21135457355e+02 -3.90576942089e+02
7.41310241301e+03 1.16146923611e+02 -3.83196579682e+02
7.58577575029e+03 1.11345919873e+02 -3.75894358817e+02
7.76247116629e+03 1.06726875160e+02 -3.68673419710e+02
7.94328234724e+03 1.02284261491e+02 -3.61536604905e+02
8.12830516164e+03 9.80126052234e+01 -3.54486472062e+02
8.31763771103e+03 9.39064972486e+01 -3.47525306770e+02
8.51138038202e+03 8.99606020897e+01 -3.40655135341e+02
8.70963589956e+03 8.61696659683e+01 -3.33877737497e+02
8.91250938134e+03 8.25285238938e+01 -3.27194658915e+02
9.12010839356e+03 7.90321058358e+01 -3.20607223568e+02
9.33254300797e+03 7.56754420356e+01 -3.14116545833e+02
9.54992586021e+03 7.24536675165e+01 -3.07723542312e+02
9.77237220956e+03 6.93620258469e+01 -3.01428943357e+02
1.00000000000e+04 6.63958722121e+01 -2.95233304263e+02
1.02329299228e+04 6.35506758479e+01 -2.89137016100e+02
1.04712854805e+04 6.08220218861e+01 -2.83140316195e+02
1.07151930524e+04 5.82056126625e+01 -2.77243298224e+02
1.09647819614e+04 5.56972685319e+01 -2.71445921921e+02
1.12201845430e+04 5.32929282376e+01 -2.65748022401e+02
1.14815362150e+04 5.09886488746e+01 -2.60149319080e+02
1.17489755494e+04 4.87806054883e+01 -2.54649424213e+02
1.20226443462e+04 4.66650903456e+01 -2.49247851032e+02
1.23026877081e+04 4.46385119135e+01 -2.43944021503e+02
1.25892541179e+04 4.26973935778e+01 -2.38737273703e+02
1.28824955169e+04 4.08383721335e+01 -2.33626868821e+02
1.31825673856e+04 3.90581960737e+01 -2.28611997799e+02
1.34896288259e+04 3.73537237056e+01 -2.23691787612e+02
1.38038426460e+04 3.57219211154e+01 -2.18865307208e+02
1.41253754462e+04 3.41598600073e+01 -2.14131573117e+02
1.44543977075e+04 3.26647154343e+01 -2.09489554725e+02
1.47910838817e+04 3.12337634428e+01 -2.04938179254e+02
1.51356124844e+04 2.98643786448e+01 -2.00476336429e+02
1.54881661891e+04 2.85540317370e+01 -1.96102882865e+02
1.58489319246e+04 2.73002869780e+01 -1.91816646180e+02
1.62181009736e+04 2.61007996381e+01 -1.87616428837e+02
1.65958690744e+04 2.49533134331e+01 -1.83501011746e+02
1.69824365246e+04 2.38556579521e+01 -1.79469157622e+02
1.73780082875e+04 2.28057460887e+01 -1.75519614107e+02
1.77827941004e+04 2.18015714846e+01 -1.71651116692e+02
1.81970085861e+04 2.08412059915e+01 -1.67862391420e+02
1.86208713666e+04 1.99227971597e+01 -1.64152157400e+02
1.90546071796e+04 1.90445657568e+01 -1.60519129137e+02
1.94984459976e+04 1.82048033238e+01 -1.56962018684e+02
1.99526231497e+04 1.74018697708e+01 -1.53479537634e+02
2.04173794467e+04 1.66341910173e+01 -1.50070398953e+02
2.08929613085e+04 1.59002566795e+01 -1.46733318668e+02
2.13796208950e+04 1.51986178076e+01 -1.43467017418e+02
2.18776162395e+04 1.45278846747e+01 -1.40270221874e+02
2.23872113857e+04 1.38867246191e+01 -1.37141666038e+02
2.29086765277e+04 1.32738599417e+01 -1.34080092426e+02
2.34422881532e+04 1.26880658594e+01 -1.31084253147e+02
2.39883291902e+04 1.21281685142e+01 -1.28152910878e+02
2.45470891568e+04 1.15930430395e+01 -1.25284839747e+02
2.51188643151e+04 1.10816116836e+01 -1.22478826129e+02
2.57039578277e+04 1.05928419896e+01 -1.19733669357e+02
2.63026799190e+04 1.01257450317e+01 -1.17048182358e+02
2.69153480393e+04 9.67937370842e+00 -1.14421192218e+02
2.75422870334e+04 9.25282109021e+00 -1.11851540680e+02
2.81838293126e+04 8.84521882277e+00 -1.09338084579e+02
2.88403150313e+04 8.45573558378e+00 -1.06879696221e+02
2.95120922667e+04 8.08357559286e+00 -1.04475263705e+02
3.01995172040e+04 7.72797717347e+00 -1.02123691204e+02
3.09029543251e+04 7.38821136573e+00 -9.98238991879e+01
3.16227766017e+04 7.06358058909e+00 -9.75748246137e+01
3.23593656930e+04 6.75341735352e+00 -9.53754210715e+01
3.31131121483e+04 6.45708301824e+00 -9.32246588949e+01
3.38844156139e+04 6.17396659653e+00 -9.11215252393e+01
3.46736850453e+04 5.90348360545e+00 -8.90650241276e+01
3.54813389234e+04 5.64507495930e+00 -8.70541764685e+01
3.63078054770e+04 5.39820590536e+00 -8.50880200487e+01
3.71535229097e+04 5.16236500077e+00 -8.31656095008e+01
3.80189396321e+04 4.93706312925e+00 -8.12860162496e+01
3.89045144994e+04 4.72183255635e+00 -7.94483284388e+01
3.98107170553e+04 4.51622602210e+00 -7.76516508390e+01
4.07380277804e+04 4.31981586966e+00 -7.58951047394e+01
4.16869383470e+04 4.13219320886e+00 -7.41778278246e+01
4.26579518802e+04 3.95296711346e+00 -7.24989740381e+01
4.36515832240e+04 3.78176385088e+00 -7.08577134328e+01
4.46683592151e+04 3.61822614323e+00 -6.92532320118e+01
4.57088189615e+04 3.46201245868e+00 -6.76847315581e+01
4.67735141287e+04 3.31279633181e+00 -6.61514294569e+01
4.78630092323e+04 3.17026571216e+00 -6.46525585090e+01
4.89778819368e+04 3.03412233966e+00 -6.31873667383e+01
5.01187233627e+04 2.90408114616e+00 -6.17551171930e+01
5.12861383991e+04 2.77986968191e+00 -6.03550877417e+01
5.24807460250e+04 2.66122756606e+00 -5.89865708652e+01
5.37031796370e+04 2.54790596036e+00 -5.76488734447e+01
5.49540873858e+04 2.43966706504e+00 -5.63413165464e+01
5.62341325190e+04 2.33628363600e+00 -5.50632352047e+01
5.75439937337e+04 2.23753852255e+00 -5.38139782020e+01
5.88843655356e+04 2.14322422480e+00 -5.25929078484e+01
6.02559586074e+04 2.05314247002e+00 -5.13993997595e+01
6.16595001861e+04 1.96710380699e+00 -5.02328426337e+01
6.30957344480e+04 1.88492721792e+00 -4.90926380300e+01
6.45654229035e+04 1.80643974696e+00 -4.79782001449e+01
6.60693448008e+04 1.73147614468e+00 -4.68889555907e+01
6.76082975392e+04 1.65987852805e+00 -4.58243431737e+01
6.91830970919e+04 1.59149605497e+00 -4.47838136741e+01
7.07945784384e+04 1.52618461301e+00 -4.37668296268e+01
7.24435960075e+04 1.46380652161e+00 -4.27728651037e+01
7.41310241301e+04 1.40423024727e+00 -4.18014054977e+01
7.58577575029e+04 1.34733013112e+00 -4.08519473087e+01
7.76247116629e+04 1.29298612836e+00 -3.99239979313e+01
7.94328234724e+04 1.24108355917e+00 -3.90170754448e+01
8.12830516164e+04 1.19151287037e+00 -3.81307084057e+01
8.31763771103e+04 1.14416940767e+00 -3.72644356419e+01
8.51138038202e+04 1.09895319780e+00 -3.64178060504e+01
8.70963589956e+04 1.05576874029e+00 -3.55903783969e+01
8.91250938134e+04 1.01452480830e+00 -3.47817211178e+01
9.12010839356e+04 9.75134258340e-01 -3.39914121258e+01
9.33254300797e+04 9.37513848248e-01 -3.32190386174e+01
9.54992586021e+04 9.01584063293e-01 -3.24641968838e+01
9.77237220956e+04 8.67268949892e-01 -3.17264921246e+01
1.00000000000e+05 8.34495956690e-01 -3.10055382637e+01
1.02329299228e+05 8.03195782665e-01 -3.03009577693e+01
1.04712854805e+05 7.73302231951e-01 -2.96123814758e+01
1.07151930524e+05 7.44752075089e-01 -2.89394484092e+01
1.09647819614e+05 7.17484916417e-01 -2.82818056151e+01
1.12201845430e+05 6.91443067350e-01 -2.76391079902e+01
1.14815362150e+05 6.66571425274e-01 -2.70110181157e+01
1.17489755494e+05 6.42817357809e-01 -2.63972060953e+01
1.20226443462e+05 6.20130592225e-01 -2.57973493942e+01
1.23026877081e+05 5.98463109755e-01 -2.52111326826e+01
1.25892541179e+05 5.77769044621e-01 -2.46382476811e+01
1.28824955169e+05 5.58004587535e-01 -2.40783930095e+01
1.31825673856e+05 5.39127893500e-01 -2.35312740384e+01
1.34896288259e+05 5.21098993719e-01 -2.29966027431e+01
1.38038426460e+05 5.03879711410e-01 -2.24740975613e+01
1.41253754462e+05 4.87433581386e-01 -2.19634832525e+01
1.44543977075e+05 4.71725773207e-01 -2.14644907609e+01
1.47910838817e+05 4.56723017755e-01 -2.09768570806e+01
1.51356124844e+05 4.42393537089e-01 -2.05003251237e+01
1.54881661891e+05 4.28706977414e-01 -2.00346435909e+01
1.58489319246e+05 4.15634345050e-01 -1.95795668447e+01
1.62181009736e+05 4.03147945245e-01 -1.91348547855e+01
1.65958690744e+05 3.91221323720e-01 -1.87002727295e+01
1.69824365246e+05 3.79829210823e-01 -1.82755912901e+01
1.73780082875e+05 3.68947468164e-01 -1.78605862607e+01
1.77827941004e+05 3.58553037634e-01 -1.74550385007e+01
1.81970085861e+05 3.48623892699e-01 -1.70587338234e+01
1.86208713666e+05 3.39138991856e-01 -1.66714628869e+01
1.90546071796e+05 3.30078234169e-01 -1.62930210862e+01
1.94984459976e+05 3.21422416785e-01 -1.59232084488e+01
1.99526231497e+05 3.13153194336e-01 -1.55618295313e+01
2.04173794467e+05 3.05253040154e-01 -1.52086933194e+01
2.08929613085e+05 2.97705209208e-01 -1.48636131291e+01
2.13796208950e+05 2.90493702692e-01 -1.45264065107e+01
2.18776162395e+05 2.83603234179e-01 -1.41968951539e+01
2.23872113857e+05 2.77019197287e-01 -1.38749047961e+01
2.29086765277e+05 2.70727634774e-01 -1.35602651322e+01
2.34422881532e+05 2.64715209001e-01 -1.32528097256e+01
2.39883291902e+05 2.58969173711e-01 -1.29523759228e+01
2.45470891568e+05 2.53477347047e-01 -1.26588047681e+01
2.51188643151e+05 2.48228085767e-01 -1.23719409211e+01
2.57039578277e+05 2.43210260595e-01 -1.20916325763e+01
2.63026799190e+05 2.38413232660e-01 -1.18177313833e+01
2.69153480393e+05 2.33826830963e-01 -1.15500923701e+01
2.75422870334e+05 2.29441330845e-01 -1.12885738669e+01
2.81838293126e+05 2.25247433387e-01 -1.10330374326e+01
2.88403150313e+05 2.21236245714e-01 -1.07833477819e+01
2.95120922667e+05 2.17399262158e-01 -1.05393727151e+01
3.01995172040e+05 2.13728346241e-01 -1.03009830486e+01
3.09029543251e+05 2.10215713430e-01 -1.00680525471e+01
3.16227766017e+05 2.06853914649e-01 -9.84045785796e+00
3.23593656930e+05 2.03635820485e-01 -9.61807844585e+00
3.31131121483e+05 2.00554606084e-01 -9.40079653001e+00
3.38844156139e+05 1.97603736685e-01 -9.18849702217e+00
3.46736850453e+05 1.94776953759e-01 -8.98106746614e+00
3.54813389234e+05 1.92068261749e-01 -8.77839797873e+00
3.63078054770e+05 1.89471915351e-01 -8.58038119190e+00
3.71535229097e+05 1.86982407332e-01 -8.38691219627e+00
3.80189396321e+05 1.84594456845e-01 -8.19788848594e+00
3.89045144994e+05 1.82302998230e-01 -8.01320990439e+00
3.98107170553e+05 1.80103170265e-01 -7.83277859178e+00
4.07380277804e+05 1.77990305843e-01 -7.65649893330e+00
4.16869383470e+05 1.75959922074e-01 -7.48427750868e+00
4.26579518802e+05 1.74007710760e-01 -7.31602304296e+00
4.36515832240e+05 1.72129529246e-01 -7.15164635819e+00
4.46683592151e+05 1.70321391621e-01 -6.99106032633e+00
4.57088189615e+05 1.68579460245e-01 -6.83417982316e+00
4.67735141287e+05 1.66900037594e-01 -6.68092168327e+00
4.78630092323e+05 1.65279558390e-01 -6.53120465596e+00
4.89778819368e+05 1.63714582020e-01 -6.38494936224e+00
5.01187233627e+05 1.62201785209e-01 -6.24207825273e+00
5.12861383991e+05 1.60737954942e-01 -6.10251556648e+00
5.24807460250e+05 1.59319981617e-01 -5.96618729080e+00
5.37031796370e+05 1.57944852409e-01 -5.83302112186e+00
5.49540873858e+05 1.56609644844e-01 -5.70294642629e+00
5.62341325190e+05 1.55311520554e-01 -5.57589420354e+00
5.75439937337e+05 1.54047719207e-01 -5.45179704910e+00
5.88843655356e+05 1.52815552603e-01 -5.33058911857e+00
6.02559586074e+05 1.51612398910e-01 -5.21220609247e+00
6.16595001861e+05 1.50435697039e-01 -5.09658514183e+00
6.30957344480e+05 1.49282941148e-01 -4.98366489458e+00
6.45654229035e+05 1.48151675248e-01 -4.87338540258e+00
6.60693448008e+05 1.47039487912e-01 -4.76568810945e+00
6.76082975392e+05 1.45944007070e-01 -4.66051581904e+00
6.91830970919e+05 1.44862894886e-01 -4.55781266458e+00
7.07945784384e+05 1.43793842689e-01 -4.45752407849e+00
7.24435960075e+05 1.42734565966e-01 -4.35959676281e+00
7.41310241301e+05 1.41682799393e-01 -4.26397866026e+00
7.58577575029e+05 1.40636291894e-01 -4.17061892586e+00
7.76247116629e+05 1.39592801727e-01 -4.07946789915e+00
7.94328234724e+05 1.38550091575e-01 -3.99047707695e+00
8.12830516164e+05 1.37505923626e-01 -3.90359908666e+00
8.31763771103e+05 1.36458054656e-01 -3.81878766004e+00
8.51138038202e+05 1.35404231072e-01 -3.73599760751e+00
8.70963589956e+05 1.34342183927e-01 -3.65518479289e+00
8.91250938134e+05 1.33269623882e-01 -3.57630610863e+00
9.12010839356e+05 1.32184236120e-01 -3.49931945139e+00
9.33254300797e+05 1.31083675173e-01 -3.42418369807e+00
9.54992586021e+05 1.29965559686e-01 -3.35085868219e+00
9.77237220956e+05 1.28827467074e-01 -3.27930517065e+00
1.00000000000e+06 1.27666928079e-01 -3.20948484072e+00
1.02329299228e+06 1.26481421216e-01 -3.14136025744e+00
1.04712854805e+06 1.25268367084e-01 -3.07489485120e+00
1.07151930524e+06 1.24025122540e-01 -3.01005289555e+00
1.09647819614e+06 1.22748974727e-01 -2.94679948530e+00
1.12201845430e+06 1.21437134931e-01 -2.88510051462e+00
1.14815362150e+06 1.20086732273e-01 -2.82492265545e+00
1.17489755494e+06 1.18694807217e-01 -2.76623333585e+00
1.20226443462e+06 1.17258304875e-01 -2.70900071845e+00
1.23026877081e+06 1.15774068119e-01 -2.65319367895e+00
1.25892541179e+06 1.14238830476e-01 -2.59878178446e+00
1.28824955169e+06 1.12649208799e-01 -2.54573527186e+00
1.31825673856e+06 1.11001695713e-01 -2.49402502588e+00
1.34896288259e+06 1.09292651834e-01 -2.44362255708e+00
1.38038426460e+06 1.07518297738e-01 -2.39449997945e+00
1.41253754462e+06 1.05674705710e-01 -2.34662998774e+00
1.44543977075e+06 1.03757791244e-01 -2.29998583428e+00
1.47910838817e+06 1.01763304320e-01 -2.25454130536e+00
1.51356124844e+06 9.96868204596e-02 -2.21027069696e+00
1.54881661891e+06 9.75237315762e-02 -2.16714878978e+00
1.58489319246e+06 9.52692366374e-02 -2.12515082354e+00
1.62181009736e+06 9.29183321716e-02 -2.08425247025e+00
1.65958690744e+06 9.04658026510e-02 -2.04442980653e+00
1.69824365246e+06 8.79062107979e-02 -2.00565928473e+00
1.73780082875e+06 8.52338878710e-02 -1.96791770271e+00
1.77827941004e+06 8.24429240024e-02 -1.93118217220e+00
1.81970085861e+06 7.95271586729e-02 -1.89543008551e+00
1.86208713666e+06 7.64801714280e-02 -1.86063908039e+00
1.90546071796e+06 7.32952729650e-02 -1.82678700297e+00
1.94984459976e+06 6.99654967399e-02 -1.79385186841e+00
1.99526231497e+06 6.64835912764e-02 -1.76181181923e+00
2.04173794467e+06 6.28420133908e-02 -1.73064508092e+00
2.08929613085e+06 5.90329225860e-02 -1.70032991474e+00
2.13796208950e+06 5.50481769108e-02 -1.67084456741e+00
2.18776162395e+06 5.08793306328e-02 -1.64216721736e+00
2.23872113857e+06 4.65176341297e-02 -1.61427591752e+00
2.29086765277e+06 4.19540364680e-02 -1.58714853407e+00
2.34422881532e+06 3.71791912158e-02 -1.56076268129e+00
2.39883291902e+06 3.21834661122e-02 -1.53509565191e+00
2.45470891568e+06 2.69569573159e-02 -1.51012434307e+00
2.51188643151e+06 2.14895090507e-02 -1.48582517752e+00
2.57039578277e+06 1.57707395835e-02 -1.46217402005e+00
2.63026799190e+06 9.79007458963e-03 -1.43914608913e+00
2.69153480393e+06 3.53678909361e-03 -1.41671586367e+00
2.75422870334e+06 -2.99994068629e-03 -1.39485698531e+00
2.81838293126e+06 -9.83097411526e-03 -1.37354215628e+00
2.88403150313e+06 -1.69671299164e-02 -1.35274303364e+00
2.95120922667e+06 -2.44190951697e-02 -1.33243012042e+00
3.01995172040e+06 -3.21973176231e-02 -1.31257265477e+00
3.09029543251e+06 -4.03118792750e-02 -1.29313849860e+00
3.16227766017e+06 -4.87723490935e-02 -1.27409402731e+00
3.23593656930e+06 -5.75876126759e-02 -1.25540402302e+00
3.31131121483e+06 -6.67656766516e-02 -1.23703157405e+00
3.38844156139e+06 -7.63134457124e-02 -1.21893798416e+00
3.46736850453e+06 -8.62364703318e-02 -1.20108269562e+00
3.54813389234e+06 -9.65386635530e-02 -1.18342323119e+00
3.63078054770e+06 -1.07221985708e-01 -1.16591516068e+00
3.71535229097e+06 -1.18286096618e-01 -1.14851209891e+00
3.80189396321e+06 -1.29727975749e-01 -1.13116574257e+00
3.89045144994e+06 -1.41541512036e-01 -1.11382595446e+00
3.98107170553e+06 -1.53717066590e-01 -1.09644090442e+00
4.07380277804e+06 -1.66241013431e-01 -1.07895727661e+00
4.16869383470e+06 -1.79095265608e-01 -1.06132055358e+00
4.26579518802e+06 -1.92256796714e-01 -1.04347538683e+00
4.36515832240e+06 -2.05697170733e-01 -1.02536606375e+00
4.46683592151e+06 -2.19382096348e-01 -1.00693707888e+00
4.57088189615e+06 -2.33271025189e-01 -9.88133815622e-01
4.67735141287e+06 -2.47316816752e-01 -9.68903341520e-01
4.78630092323e+06 -2.61465495690e-01 -9.49195315821e-01
4.89778819368e+06 -2.75656129549e-01 -9.28963002835e-01
5.01187233627e+06 -2.89820856347e-01 -9.08164378117e-01
5.12861383991e+06 -3.03885091383e-01 -8.86763307033e-01
5.24807460250e+06 -3.17767940747e-01 -8.64730767072e-01
5.37031796370e+06 -3.31382844917e-01 -8.42046076819e-01
5.49540873858e+06 -3.44638469207e-01 -8.18698086318e-01
5.62341325190e+06 -3.57439848533e-01 -7.94686276513e-01
5.75439937337e+06 -3.69689782173e-01 -7.70021710259e-01
5.88843655356e+06 -3.81290460204e-01 -7.44727775132e-01
6.02559586074e+06 -3.92145287870e-01 -7.18840659596e-01
6.16595001861e+06 -4.02160858365e-01 -6.92409509810e-01
6.30957344480e+06 -4.11249009609e-01 -6.65496224629e-01
6.45654229035e+06 -4.19328888148e-01 -6.38174861231e-01
6.60693448008e+06 -4.26328934709e-01 -6.10530642494e-01
6.76082975392e+06 -4.32188702575e-01 -5.82658578679e-01
6.91830970919e+06 -4.36860422592e-01 -5.54661738535e-01
7.07945784384e+06 -4.40310237721e-01 -5.26649226633e-01
7.24435960075e+06 -4.42519045207e-01 -4.98733942629e-01
7.41310241301e+06 -4.43482904578e-01 -4.71030212371e-01
7.58577575029e+06 -4.43212993343e-01 -4.43651388833e-01
7.76247116629e+06 -4.41735117152e-01 -4.16707522123e-01
7.94328234724e+06 -4.39088805354e-01 -3.90303191988e-01
8.12830516164e+06 -4.35326044128e-01 -3.64535584233e-01
8.31763771103e+06 -4.30509716019e-01 -3.39492875411e-01
8.51138038202e+06 -4.24711825659e-01 -3.15252969842e-01
8.70963589956e+06 -4.18011596287e-01 -2.91882611444e-01
8.91250938134e+06 -4.10493520479e-01 -2.69436871815e-01
9.12010839356e+06 -4.02245442190e-01 -2.47958997184e-01
9.33254300797e+06 -3.93356736747e-01 -2.27480581382e-01
9.54992586021e+06 -3.83916642396e-01 -2.08022020636e-01
9.77237220956e+06 -3.74012782607e-01 -1.89593198913e-01
1.00000000000e+07 -3.63729903942e-01 -1.72194349600e-01
1.02329299228e+07 -3.53148840915e-01 -1.55817039918e-01
1.04712854805e+07 -3.42345707602e-01 -1.40445227962e-01
1.07151930524e+07 -3.31391306293e-01 -1.26056347789e-01
1.09647819614e+07 -3.20350736357e-01 -1.12622384782e-01
1.12201845430e+07 -3.09283181654e-01 -1.00110910881e-01
1.14815362150e+07 -2.98241852071e-01 -8.84860565990e-02
1.17489755494e+07 -2.87274053778e-01 -7.77094036158e-02
1.20226443462e+07 -2.76421363199e-01 -6.77407878785e-02
1.23026877081e+07 -2.65719881153e-01 -5.85390083284e-02
1.25892541179e+07 -2.55200545778e-01 -5.00624406199e-02
1.28824955169e+07 -2.44889485392e-01 -4.22695584709e-02
1.31825673856e+07 -2.34808395221e-01 -3.51193676824e-02
1.34896288259e+07 -2.24974924617e-01 -2.85717594949e-02
1.38038426460e+07 -2.15403064003e-01 -2.25877909238e-02
1.41253754462e+07 -2.06103523147e-01 -1.71299001746e-02
1.44543977075e+07 -1.97084094458e-01 -1.21620652831e-02
1.47910838817e+07 -1.88349996806e-01 -7.64991387997e-03
1.51356124844e+07 -1.79904196881e-01 -3.56079151961e-03
1.54881661891e+07 -1.71747706361e-01 1.36204577982e-04
1.58489319246e+07 -1.63879854115e-01 3.47022018812e-03
1.62181009736e+07 -1.56298533478e-01 6.46866165296e-03
1.65958690744e+07 -1.49000425180e-01 9.15723155860e-03
1.69824365246e+07 -1.41981196951e-01 1.15599783701e-02
1.73780082875e+07 -1.35235681093e-01 1.36993564896e-02
1.77827941004e+07 -1.28758031509e-01 1.55962937623e-02
1.81970085861e+07 -1.22541861761e-01 1.72702639552e-02
1.86208713666e+07 -1.16580365777e-01 1.87393621789e-02
1.90546071796e+07 -1.10866422783e-01 2.00203816057e-02
1.94984459976e+07 -1.05392688032e-01 2.11288901719e-02
1.99526231497e+07 -1.00151670772e-01 2.20793062348e-02
2.04173794467e+07 -9.51358008597e-02 2.28849723947e-02
2.08929613085e+07 -9.03374852735e-02 2.35582268904e-02
2.13796208950e+07 -8.57491557250e-02 2.41104721432e-02
2.18776162395e+07 -8.13633084278e-02 2.45522401590e-02
2.23872113857e+07 -7.71725370007e-02 2.48932546074e-02
2.29086765277e+07 -7.31695593780e-02 2.51424894845e-02
2.34422881532e+07 -6.93472395111e-02 2.53082243357e-02
2.39883291902e+07 -6.56986045579e-02 2.53980960670e-02
2.45470891568e+07 -6.22168581810e-02 2.54191474161e-02
2.51188643151e+07 -5.88953905017e-02 2.53778721847e-02
2.57039578277e+07 -5.57277851941e-02 2.52802573534e-02
2.63026799190e+07 -5.27078241421e-02 2.51318222194e-02
2.69153480393e+07 -4.98294900333e-02 2.49376547015e-02
2.75422870334e+07 -4.70869672146e-02 2.47024449677e-02
2.81838293126e+07 -4.44746410926e-02 2.44305165374e-02
2.88403150313e+07 -4.19870963265e-02 2.41258550118e-02
2.95120922667e+07 -3.96191140285e-02 2.37921345836e-02
3.01995172040e+07 -3.73656681556e-02 2.34327424697e-02
3.09029543251e+07 -3.52219212558e-02 2.30508014092e-02
3.16227766017e+07 -3.31832197064e-02 2.26491903594e-02
3.23593656930e+07 -3.12450885631e-02 2.22305635182e-02
3.31131121483e+07 -2.94032261248e-02 2.17973677934e-02
3.38844156139e+07 -2.76534982997e-02 2.13518588329e-02
3.46736850453e+07 -2.59919328493e-02 2.08961157242e-02
3.54813389234e+07 -2.44147135752e-02 2.04320544628e-02
3.63078054770e+07 -2.29181745006e-02 1.99614402853e-02
3.71535229097e+07 -2.14987940958e-02 1.94858989554e-02
3.80189396321e+07 -2.01531895836e-02 1.90069270864e-02
3.89045144994e+07 -1.88781113587e-02 1.85259015772e-02
3.98107170553e+07 -1.76704375462e-02 1.80440882355e-02
4.07380277804e+07 -1.65271687219e-02 1.75626496554e-02
4.16869383470e+07 -1.54454228115e-02 1.70826524133e-02
4.26579518802e+07 -1.44224301811e-02 1.66050736416e-02
4.36515832240e+07 -1.34555289301e-02 1.61308070361e-02
4.46683592151e+07 -1.25421603933e-02 1.56606683477e-02
4.57088189615e+07 -1.16798648547e-02 1.51954004085e-02
4.67735141287e+07 -1.08662774770e-02 1.47356777365e-02
4.78630092323e+07 -1.00991244452e-02 1.42821107604e-02
4.89778819368e+07 -9.37621932106e-03 1.38352497051e-02
5.01187233627e+07 -8.69545960613e-03 1.33955881725e-02
5.12861383991e+07 -8.05482350558e-03 1.29635664518e-02
5.24807460250e+07 -7.45236688731e-03 1.25395745900e-02
5.37031796370e+07 -6.88622042713e-03 1.21239552504e-02
5.49540873858e+07 -6.35458693111e-03 1.17170063853e-02
5.62341325190e+07 -5.85573882492e-03 1.13189837455e-02
5.75439937337e+07 -5.38801579931e-03 1.09301032481e-02
5.88843655356e+07 -4.94982260066e-03 1.05505432208e-02
6.02559586074e+07 -4.53962695477e-03 1.01804465394e-02
6.16595001861e+07 -4.15595761240e-03 9.81992267181e-03
6.30957344480e+07 -3.79740250466e-03 9.46904964327e-03
6.45654229035e+07 -3.46260699660e-03 9.12787593001e-03
6.60693448008e+07 -3.15027222784e-03 8.79642229249e-03
6.76082975392e+07 -2.85915352913e-03 8.47468355394e-03
6.91830970919e+07 -2.58805890454e-03 8.16263032984e-03
7.07945784384e+07 -2.33584756941e-03 7.86021071251e-03
7.24435960075e+07 -2.10142853508e-03 7.56735191335e-03
7.41310241301e+07 -1.88375923201e-03 7.28396186449e-03
7.58577575029e+07 -1.68184416385e-03 7.00993078051e-03
7.76247116629e+07 -1.49473358589e-03 6.74513268000e-03
7.94328234724e+07 -1.32152220218e-03 6.48942686638e-03
8.12830516164e+07 -1.16134787645e-03 6.24265936633e-03
8.31763771103e+07 -1.01339035294e-03 6.00466432442e-03
8.51138038202e+07 -8.76869984136e-04 5.77526535172e-03
8.70963589956e+07 -7.51046462953e-04 5.55427682639e-03
8.91250938134e+07 -6.35217558142e-04 5.34150514401e-03
9.12010839356e+07 -5.28717851928e-04 5.13674991557e-03
9.33254300797e+07 -4.30917479855e-04 4.93980511108e-03
9.54992586021e+07 -3.41220873260e-04 4.75046014707e-03
9.77237220956e+07 -2.59065505300e-04 4.56850091638e-03
1.00000000000e+08 -1.83920641925e-04 4.39371075915e-03
1.02329299228e+08 -1.15286099474e-04 4.22587137398e-03
1.04712854805e+08 -5.26910109127e-05 4.06476366883e-03
1.07151930524e+08 4.30739714177e-06 3.91016855149e-03
1.09647819614e+08 5.61250142591e-05 3.76186765971e-03
1.12201845430e+08 1.03152040539e-04 3.61964403179e-03
1.14815362150e+08 1.45754163047e-04 3.48328271826e-03
1.17489755494e+08 1.84273711997e-04 3.35257133606e-03
1.20226443462e+08 2.19030794395e-04 3.22730056669e-03
1.23026877081e+08 2.50324402993e-04 3.10726460007e-03
1.25892541179e+08 2.78433498567e-04 2.99226152620e-03
1.28824955169e+08 3.03618063666e-04 2.88209367678e-03
1.31825673856e+08 3.26120126243e-04 2.77656791921e-03
1.34896288259e+08 3.46164751710e-04 2.67549590548e-03
1.38038426460e+08 3.63961002260e-04 2.57869427849e-03
1.41253754462e+08 3.79702862437e-04 2.48598483863e-03
1.44543977075e+08 3.93570130227e-04 2.39719467319e-03
1.47910838817e+08 4.05729273117e-04 2.31215625135e-03
1.51356124844e+08 4.16334248779e-04 2.23070748754e-03
1.54881661891e+08 4.25527290255e-04 2.15269177576e-03
1.58489319246e+08 4.33439655697e-04 2.07795799741e-03
1.62181009736e+08 4.40192342867e-04 2.00636050537e-03
1.65958690744e+08 4.45896768804e-04 1.93775908650e-03
1.69824365246e+08 4.50655415155e-04 1.87201890507e-03
1.73780082875e+08 4.54562439853e-04 1.80901042938e-03
1.77827941004e+08 4.57704255882e-04 1.74860934344e-03
1.81970085861e+08 4.60160077999e-04 1.69069644602e-03
1.86208713666e+08 4.62002438364e-04 1.63515753859e-03
1.90546071796e+08 4.63297672073e-04 1.58188330419e-03
1.94984459976e+08 4.64106373671e-04 1.53076917855e-03
1.99526231497e+08 4.64483825747e-04 1.48171521515e-03
2.04173794467e+08 4.64480400747e-04 1.43462594538e-03
2.08929613085e+08 4.64141937155e-04 1.38941023524e-03
2.13796208950e+08 4.63510091221e-04 1.34598113946e-03
2.18776162395e+08 4.62622665378e-04 1.30425575421e-03
2.23872113857e+08 4.61513914531e-04 1.26415506923e-03
2.29086765277e+08 4.60214831339e-04 1.22560382016e-03
2.34422881532e+08 4.58753411638e-04 1.18853034187e-03
2.39883291902e+08 4.57154901075e-04 1.15286642319e-03
2.45470891568e+08 4.55442024059e-04 1.11854716387e-03
2.51188643151e+08 4.53635196029e-04 1.08551083392e-03
2.57039578277e+08 4.51752720084e-04 1.05369873603e-03
2.63026799190e+08 4.49810968898e-04 1.02305507106e-03
2.69153480393e+08 4.47824552880e-04 9.93526807174e-04
2.75422870334e+08 4.45806475452e-04 9.65063552641e-04
2.81838293126e+08 4.43768276292e-04 9.37617432536e-04
2.88403150313e+08 4.41720163349e-04 9.11142969459e-04
2.95120922667e+08 4.39671134400e-04 8.85596968372e-04
3.01995172040e+08 4.37629088860e-04 8.60938405576e-04
3.09029543251e+08 4.35600930551e-04 8.37128321887e-04
3.16227766017e+08 4.33592662056e-04 8.14129719982e-04
3.23593656930e+08 4.31609471281e-04 7.91907465908e-04
3.31131121483e+08 4.29655810788e-04 7.70428194695e-04
3.38844156139e+08 4.27735470443e-04 7.49660220029e-04
3.46736850453e+08 4.25851643876e-04 7.29573447890e-04
3.54813389234e+08 4.24006989231e-04 7.10139294086e-04
3.63078054770e+08 4.22203684635e-04 6.91330605574e-04
3.71535229097e+08 4.20443478804e-04 6.73121585470e-04
3.80189396321e+08 4.18727737170e-04 6.55487721636e-04
3.89045144994e+08 4.17057483877e-04 6.38405718727e-04
3.98107170553e+08 4.15433439978e-04 6.21853433575e-04
4.07380277804e+08 4.13856058147e-04 6.05809813809e-04
4.16869383470e+08 4.12325554184e-04 5.90254839560e-04
4.26579518802e+08 4.10841935572e-04 5.75169468149e-04
4.36515832240e+08 4.09405027347e-04 5.60535581636e-04
4.46683592151e+08 4.08014495487e-04 5.46335937098e-04
4.57088189615e+08 4.06669868042e-04 5.32554119526e-04
4.67735141287e+08 4.05370554192e-04 5.19174497223e-04
4.78630092323e+08 4.04115861412e-04 5.06182179587e-04
4.89778819368e+08 4.02905010909e-04 4.93562977170e-04
5.01187233627e+08 4.01737151481e-04 4.81303363901e-04
5.12861383991e+08 4.00611371936e-04 4.69390441375e-04
5.24807460250e+08 3.99526712198e-04 4.57811905100e-04
5.37031796370e+08 3.98482173227e-04 4.46556012603e-04
5.49540873858e+08 3.97476725843e-04 4.35611553310e-04
5.62341325190e+08 3.96509318572e-04 4.24967820098e-04
5.75439937337e+08 3.95578884597e-04 4.14614582442e-04
5.88843655356e+08 3.94684347889e-04 4.04542061061e-04
6.02559586074e+08 3.93824628612e-04 3.94740903998e-04
6.16595001861e+08 3.92998647857e-04 3.85202164043e-04
6.30957344480e+08 3.92205331781e-04 3.75917277438e-04
6.45654229035e+08 3.91443615196e-04 3.66878043788e-04
6.60693448008e+08 3.90712444674e-04 3.58076607108e-04
6.76082975392e+08 3.90010781212e-04 3.49505437951e-04
6.91830970919e+08 3.89337602500e-04 3.41157316555e-04
7.07945784384e+08 3.88691904835e-04 3.33025316945e-04
7.24435960075e+08 3.88072704717e-04 3.25102791942e-04
7.41310241301e+08 3.87479040163e-04 3.17383359029e-04
7.58577575029e+08 3.86909971764e-04 3.09860887016e-04
7.76247116629e+08 3.86364583522e-04 3.02529483474e-04
7.94328234724e+08 3.85841983478e-04 2.95383482869e-04
8.12830516164e+08 3.85341304177e-04 2.88417435384e-04
8.31763771103e+08 3.84861702958e-04 2.81626096367e-04
8.51138038202e+08 3.84402362126e-04 2.75004416378e-04
8.70963589956e+08 3.83962488983e-04 2.68547531797e-04
8.91250938134e+08 3.83541315775e-04 2.62250755964e-04
9.12010839356e+08 3.83138099526e-04 2.56109570815e-04
9.33254300797e+08 3.82752121809e-04 2.50119618983e-04
9.54992586021e+08 3.82382688441e-04 2.44276696348e-04
9.77237220956e+08 3.82029129120e-04 2.38576744992e-04
1.00000000000e+09 3.81690797016e-04 2.33015846548e-04
1.02329299228e+09 3.81367068319e-04 2.27590215918e-04
1.04712854805e+09 3.81057341751e-04 2.22296195332e-04
1.07151930524e+09 3.80761038054e-04 2.17130248732e-04
1.09647819614e+09 3.80477599456e-04 2.12088956461e-04
1.12201845430e+09 3.80206489112e-04 2.07169010242e-04
1.14815362150e+09 3.79947190547e-04 2.02367208420e-04
1.17489755494e+09 3.79699207077e-04 1.97680451460e-04
1.20226443462e+09 3.79462061230e-04 1.93105737691e-04
1.23026877081e+09 3.79235294167e-04 1.88640159262e-04
1.25892541179e+09 3.79018465101e-04 1.84280898316e-04
1.28824955169e+09 3.78811150718e-04 1.80025223363e-04
1.31825673856e+09 3.78612944604e-04 1.75870485837e-04
1.34896288259e+09 3.78423456679e-04 1.71814116831e-04
1.38038426460e+09 3.78242312639e-04 1.67853623993e-04
1.41253754462e+09 3.78069153405e-04 1.63986588585e-04
1.44543977075e+09 3.77903634585e-04 1.60210662682e-04
1.47910838817e+09 3.77745425946e-04 1.56523566512e-04
1.51356124844e+09 3.77594210895e-04 1.52923085927e-04
1.54881661891e+09 3.77449685978e-04 1.49407069991e-04
1.58489319246e+09 3.77311560386e-04 1.45973428695e-04
1.62181009736e+09 3.77179555480e-04 1.42620130765e-04
1.65958690744e+09 3.77053404322e-04 1.39345201587e-04
1.69824365246e+09 3.76932851228e-04 1.36146721219e-04
1.73780082875e+09 3.76817651325e-04 1.33022822502e-04
1.77827941004e+09 3.76707570130e-04 1.29971689251e-04
1.81970085861e+09 3.76602383139e-04 1.26991554529e-04
1.86208713666e+09 3.76501875428e-04 1.24080699000e-04
1.90546071796e+09 3.76405841269e-04 1.21237449354e-04
1.94984459976e+09 3.76314083760e-04 1.18460176797e-04
1.99526231497e+09 3.76226414465e-04 1.15747295612e-04
2.04173794467e+09 3.76142653069e-04 1.13097261778e-04
2.08929613085e+09 3.76062627045e-04 1.10508571642e-04
2.13796208950e+09 3.75986171333e-04 1.07979760661e-04
2.18776162395e+09 3.75913128028e-04 1.05509402177e-04
2.23872113857e+09 3.75843346087e-04 1.03096106256e-04
2.29086765277e+09 3.75776681038e-04 1.00738518567e-04
2.34422881532e+09 3.75712994706e-04 9.84353193074e-05
2.39883291902e+09 3.75652154947e-04 9.61852221709e-05
2.45470891568e+09 3.75594035396e-04 9.39869733523e-05
2.51188643151e+09 3.75538515218e-04 9.18393505947e-05
2.57039578277e+09 3.75485478877e-04 8.97411622696e-05
2.63026799190e+09 3.75434815905e-04 8.76912464927e-05
2.69153480393e+09 3.75386420693e-04 8.56884702720e-05
2.75422870334e+09 3.75340192273e-04 8.37317286868e-05
2.81838293126e+09 3.75296034128e-04 8.18199440967e-05
2.88403150313e+09 3.75253853995e-04 7.99520653780e-05
2.95120922667e+09 3.75213563681e-04 7.81270671881e-05
3.01995172040e+09 3.75175078890e-04 7.63439492544e-05
3.09029543251e+09 3.75138319053e-04 7.46017356883e-05
3.16227766017e+09 3.75103207165e-04 7.28994743223e-05
3.23593656930e+09 3.75069669631e-04 7.12362360695e-05
3.31131121483e+09 3.75037636119e-04 6.96111143042e-05
3.38844156139e+09 3.75007039414e-04 6.80232242631e-05
3.46736850453e+09 3.74977815285e-04 6.64717024658e-05
3.54813389234e+09 3.74949902354e-04 6.49557061540e-05
3.63078054770e+09 3.74923241968e-04 6.34744127487e-05
3.71535229097e+09 3.74897778085e-04 6.20270193243e-05
3.80189396321e+09 3.74873457154e-04 6.06127420992e-05
3.89045144994e+09 3.74850228008e-04 5.92308159422e-05
3.98107170553e+09 3.74828041759e-04 5.78804938939e-05
4.07380277804e+09 3.74806851696e-04 5.65610467026e-05
4.16869383470e+09 3.74786613193e-04 5.52717623742e-05
4.26579518802e+09 3.74767283611e-04 5.40119457355e-05
4.36515832240e+09 3.74748822216e-04 5.27809180102e-05
4.46683592151e+09 3.74731190089e-04 5.15780164076e-05
4.57088189615e+09 3.74714350052e-04 5.04025937230e-05
4.67735141287e+09 3.74698266586e-04 4.92540179493e-05
4.78630092323e+09 3.74682905758e-04 4.81316719005e-05
4.89778819368e+09 3.74668235154e-04 4.70349528448e-05
5.01187233627e+09 3.74654223808e-04 4.59632721489e-05
5.12861383991e+09 3.74640842139e-04 4.49160549317e-05
5.24807460250e+09 3.74628061890e-04 4.38927397276e-05
5.37031796370e+09 3.74615856067e-04 4.28927781589e-05
5.49540873858e+09 3.74604198885e-04 4.19156346181e-05
5.62341325190e+09 3.74593065715e-04 4.09607859571e-05
5.75439937337e+09 3.74582433029e-04 4.00277211865e-05
5.88843655356e+09 3.74572278354e-04 3.91159411815e-05
6.02559586074e+09 3.74562580223e-04 3.82249583970e-05
6.16595001861e+09 3.74553318131e-04 3.73542965885e-05
6.30957344480e+09 3.74544472493e-04 3.65034905422e-05
6.45654229035e+09 3.74536024602e-04 3.56720858108e-05
6.60693448008e+09 3.74527956588e-04 3.48596384566e-05
6.76082975392e+09 3.74520251385e-04 3.40657148013e-05
6.91830970919e+09 3.74512892690e-04 3.32898911825e-05
7.07945784384e+09 3.74505864934e-04 3.25317537155e-05
7.24435960075e+09 3.74499153243e-04 3.17908980622e-05
7.41310241301e+09 3.74492743414e-04 3.10669292053e-05
7.58577575029e+09 3.74486621879e-04 3.03594612283e-05
7.76247116629e+09 3.74480775680e-04 2.96681171013e-05
7.94328234724e+09 3.74475192441e-04 2.89925284714e-05
8.12830516164e+09 3.74469860341e-04 2.83323354594e-05
8.31763771103e+09 3.74464768089e-04 2.76871864606e-05
8.51138038202e+09 3.74459904903e-04 2.70567379510e-05
8.70963589956e+09 3.74455260484e-04 2.64406542986e-05
8.91250938134e+09 3.74450824996e-04 2.58386075783e-05
9.12010839356e+09 3.74446589044e-04 2.52502773924e-05
9.33254300797e+09 3.74442543656e-04 2.46753506949e-05
9.54992586021e+09 3.74438680263e-04 2.41135216204e-05
9.77237220956e+09 3.74434990680e-04 2.35644913167e-05
1.00000000000e+10 3.74431467091e-04 2.30279677823e-05
1.02329299228e+10 3.74428102030e-04 2.25036657067e-05
1.04712854805e+10 3.74424888369e-04 2.19913063152e-05
1.07151930524e+10 3.74421819297e-04 2.14906172177e-05
1.09647819614e+10 3.74418888311e-04 2.10013322607e-05
1.12201845430e+10 3.74416089200e-04 2.05231913827e-05
1.14815362150e+10 3.74413416033e-04 2.00559404732e-05
1.17489755494e+10 3.74410863144e-04 1.95993312358e-05
1.20226443462e+10 3.74408425124e-04 1.91531210529e-05
1.23026877081e+10 3.74406096804e-04 1.87170728556e-05
1.25892541179e+10 3.74403873249e-04 1.82909549949e-05
1.28824955169e+10 3.74401749748e-04 1.78745411173e-05
1.31825673856e+10 3.74399721799e-04 1.74676100423e-05
1.34896288259e+10 3.74397785103e-04 1.70699456436e-05
1.38038426460e+10 3.74395935555e-04 1.66813367326e-05
1.41253754462e+10 3.74394169234e-04 1.63015769451e-05
1.44543977075e+10 3.74392482395e-04 1.59304646297e-05
1.47910838817e+10 3.74390871464e-04 1.55678027401e-05
1.51356124844e+10 3.74389333023e-04 1.52133987290e-05
1.54881661891e+10 3.74387863813e-04 1.48670644449e-05
1.58489319246e+10 3.74386460718e-04 1.45286160311e-05
1.62181009736e+10 3.74385120764e-04 1.41978738270e-05
1.65958690744e+10 3.74383841108e-04 1.38746622723e-05
1.69824365246e+10 3.74382619039e-04 1.35588098123e-05
1.73780082875e+10 3.74381451965e-04 1.32501488068e-05
1.77827941004e+10 3.74380337411e-04 1.29485154397e-05
1.81970085861e+10 3.74379273015e-04 1.26537496320e-05
1.86208713666e+10 3.74378256519e-04 1.23656949557e-05
1.90546071796e+10 3.74377285768e-04 1.20841985506e-05
1.94984459976e+10 3.74376358704e-04 1.18091110424e-05
1.99526231497e+10 3.74375473360e-04 1.15402864628e-05
2.04173794467e+10 3.74374627860e-04 1.12775821720e-05
2.08929613085e+10 3.74373820410e-04 1.10208587821e-05
2.13796208950e+10 3.74373049298e-04 1.07699800830e-05
2.18776162395e+10 3.74372312889e-04 1.05248129698e-05
2.23872113857e+10 3.74371609621e-04 1.02852273715e-05
2.29086765277e+10 3.74370938003e-04 1.00510961818e-05
2.34422881532e+10 3.74370296611e-04 9.82229519171e-06
2.39883291902e+10 3.74369684084e-04 9.59870302268e-06
2.45470891568e+10 3.74369099124e-04 9.38020106245e-06
2.51188643151e+10 3.74368540490e-04 9.16667340172e-06
2.57039578277e+10 3.74368006997e-04 8.95800677236e-06
2.63026799190e+10 3.74367497513e-04 8.75409048720e-06
2.69153480393e+10 3.74367010959e-04 8.55481638103e-06
2.75422870334e+10 3.74366546303e-04 8.36007875309e-06
2.81838293126e+10 3.74366102558e-04 8.16977431076e-06
2.88403150313e+10 3.74365678784e-04 7.98380211466e-06
2.95120922667e+10 3.74365274083e-04 7.80206352490e-06
3.01995172040e+10 3.74364887595e-04 7.62446214866e-06
3.09029543251e+10 3.74364518501e-04 7.45090378889e-06
3.16227766017e+10 3.74364166019e-04 7.28129639423e-06
3.23593656930e+10 3.74363829400e-04 7.11555001008e-06
3.31131121483e+10 3.74363507931e-04 6.95357673076e-06
3.38844156139e+10 3.74363200930e-04 6.79529065281e-06
3.46736850453e+10 3.74362907746e-04 6.64060782929e-06
3.54813389234e+10 3.74362627757e-04 6.48944622521e-06
3.63078054770e+10 3.74362360369e-04 6.34172567391e-06
3.71535229097e+10 3.74362105015e-04 6.19736783448e-06
3.80189396321e+10 3.74361861154e-04 6.05629615013e-06
3.89045144994e+10 3.74361628268e-04 5.91843580752e-06
3.98107170553e+10 3.74361405864e-04 5.78371369704e-06
4.07380277804e+10 3.74361193469e-04 5.65205837396e-06
4.16869383470e+10 3.74360990633e-04 5.52340002046e-06
4.26579518802e+10 3.74360796926e-04 5.39767040862e-06
4.36515832240e+10 3.74360611937e-04 5.27480286412e-06
4.46683592151e+10 3.74360435274e-04 5.15473223089e-06
4.57088189615e+10 3.74360266562e-04 5.03739483648e-06
4.67735141287e+10 3.74360105443e-04 4.92272845826e-06
4.78630092323e+10 3.74359951575e-04 4.81067229042e-06
4.89778819368e+10 3.74359804633e-04 4.70116691164e-06
5.01187233627e+10 3.74359664304e-04 4.59415425358e-06
5.12861383991e+10 3.74359530291e-04 4.48957757005e-06
5.24807460250e+10 3.74359402309e-04 4.38738140689e-06
5.37031796370e+10 3.74359280087e-04 4.28751157255e-06
5.49540873858e+10 3.74359163366e-04 4.18991510930e-06
5.62341325190e+10 3.74359051898e-04 4.09454026515e-06
5.75439937337e+10 3.74358945447e-04 4.00133646639e-06
5.88843655356e+10 3.74358843788e-04 3.91025429071e-06
6.02559586074e+10 3.74358746703e-04 3.82124544105e-06
6.16595001861e+10 3.74358653988e-04 3.73426271990e-06
6.30957344480e+10 3.74358565446e-04 3.64926000428e-06
6.45654229035e+10 3.74358480889e-04 3.56619222130e-06
6.60693448008e+10 3.74358400137e-04 3.48501532421e-06
6.76082975392e+10 3.74358323020e-04 3.40568626902e-06
6.91830970919e+10 3.74358249374e-04 3.32816299172e-06
7.07945784384e+10 3.74358179042e-04 3.25240438589e-06
7.24435960075e+10 3.74358111876e-04 3.17837028097e-06
7.41310241301e+10 3.74358047733e-04 3.10602142089e-06
7.58577575029e+10 3.74357986476e-04 3.03531944325e-06
7.76247116629e+10 3.74357927977e-04 2.96622685902e-06
7.94328234724e+10 3.74357872110e-04 2.89870703261e-06
8.12830516164e+10 3.74357818758e-04 2.83272416242e-06
8.31763771103e+10 3.74357767807e-04 2.76824326192e-06
8.51138038202e+10 3.74357719149e-04 2.70523014101e-06
8.70963589956e+10 3.74357672682e-04 2.64365138794e-06
8.91250938134e+10 3.74357628305e-04 2.58347435158e-06
9.12010839356e+10 3.74357585926e-04 2.52466712408e-06
9.33254300797e+10 3.74357545454e-04 2.46719852397e-06
9.54992586021e+10 3.74357506804e-04 2.41103807959e-06
9.77237220956e+10 3.74357469893e-04 2.35615601298e-06
1.00000000000e+11 3.74357434644e-04 2.30252322404e-06
