# TEMPERATURE = 2.500000e+01
# FREQ WR(AV) WI(AV)
1.00000000000e+00 -3.32082883304e-01 5.26771180688e-04
1.02329299228e+00 -3.32082872516e-01 5.39041252938e-04
1.04712854805e+00 -3.32082861219e-01 5.51597131542e-04
1.07151930524e+00 -3.32082849390e-01 5.64445473763e-04
1.09647819614e+00 -3.32082837004e-01 5.77593091925e-04
1.12201845430e+00 -3.32082824034e-01 5.91046957034e-04
1.14815362150e+00 -3.32082810452e-01 6.04814202467e-04
1.17489755494e+00 -3.32082796231e-01 6.18902127758e-04
1.20226443462e+00 -3.32082781339e-01 6.33318202464e-04
1.23026877081e+00 -3.32082765745e-01 6.48070070130e-04
1.25892541179e+00 -3.32082749416e-01 6.63165552340e-04
1.28824955169e+00 -3.32082732318e-01 6.78612652862e-04
1.31825673856e+00 -3.32082714414e-01 6.94419561893e-04
1.34896288259e+00 -3.32082695667e-01 7.10594660400e-04
1.38038426460e+00 -3.32082676035e-01 7.27146524567e-04
1.41253754462e+00 -3.32082655479e-01 7.44083930335e-04
1.44543977075e+00 -3.32082633954e-01 7.61415858064e-04
1.47910838817e+00 -3.32082611414e-01 7.79151497284e-04
1.51356124844e+00 -3.32082587812e-01 7.97300251576e-04
1.54881661891e+00 -3.32082563098e-01 8.15871743551e-04
1.58489319246e+00 -3.32082537219e-01 8.34875819956e-04
1.62181009736e+00 -3.32082510120e-01 8.54322556892e-04
1.65958690744e+00 -3.32082481744e-01 8.74222265156e-04
1.69824365246e+00 -3.32082452031e-01 8.94585495707e-04
1.73780082875e+00 -3.32082420918e-01 9.15423045263e-04
1.77827941004e+00 -3.32082388338e-01 9.36745962019e-04
1.81970085861e+00 -3.32082354223e-01 9.58565551511e-04
1.86208713666e+00 -3.32082318500e-01 9.80893382603e-04
1.90546071796e+00 -3.32082281093e-01 1.00374129363e-03
1.94984459976e+00 -3.32082241924e-01 1.02712139865e-03
1.99526231497e+00 -3.32082200908e-01 1.05104609390e-03
2.04173794467e+00 -3.32082157960e-01 1.07552806436e-03
2.08929613085e+00 -3.32082112987e-01 1.10058029044e-03
2.13796208950e+00 -3.32082065895e-01 1.12621605491e-03
2.18776162395e+00 -3.32082016584e-01 1.15244894991e-03
2.23872113857e+00 -3.32081964948e-01 1.17929288418e-03
2.29086765277e+00 -3.32081910879e-01 1.20676209042e-03
2.34422881532e+00 -3.32081854262e-01 1.23487113281e-03
2.39883291902e+00 -3.32081794976e-01 1.26363491479e-03
2.45470891569e+00 -3.32081732897e-01 1.29306868690e-03
2.51188643151e+00 -3.32081667892e-01 1.32318805490e-03
2.57039578277e+00 -3.32081599823e-01 1.35400898804e-03
2.63026799190e+00 -3.32081528547e-01 1.38554782750e-03
2.69153480393e+00 -3.32081453911e-01 1.41782129507e-03
2.75422870334e+00 -3.32081375757e-01 1.45084650204e-03
2.81838293126e+00 -3.32081293921e-01 1.48464095820e-03
2.88403150313e+00 -3.32081208227e-01 1.51922258121e-03
2.95120922667e+00 -3.32081118495e-01 1.55460970602e-03
3.01995172040e+00 -3.32081024535e-01 1.59082109462e-03
3.09029543251e+00 -3.32080926145e-01 1.62787594600e-03
3.16227766017e+00 -3.32080823119e-01 1.66579390630e-03
3.23593656930e+00 -3.32080715238e-01 1.70459507923e-03
3.31131121483e+00 -3.32080602272e-01 1.74430003674e-03
3.38844156139e+00 -3.32080483982e-01 1.78492982990e-03
3.46736850453e+00 -3.32080360118e-01 1.82650600005e-03
3.54813389234e+00 -3.32080230416e-01 1.86905059028e-03
3.63078054770e+00 -3.32080094601e-01 1.91258615702e-03
3.71535229097e+00 -3.32079952386e-01 1.95713578205e-03
3.80189396321e+00 -3.32079803468e-01 2.00272308474e-03
3.89045144994e+00 -3.32079647532e-01 2.04937223453e-03
3.98107170553e+00 -3.32079484247e-01 2.09710796375e-03
4.07380277804e+00 -3.32079313267e-01 2.14595558075e-03
4.16869383470e+00 -3.32079134229e-01 2.19594098327e-03
4.26579518802e+00 -3.32078946753e-01 2.24709067219e-03
4.36515832240e+00 -3.32078750441e-01 2.29943176558e-03
4.46683592151e+00 -3.32078544878e-01 2.35299201302e-03
4.57088189615e+00 -3.32078329627e-01 2.40779981036e-03
4.67735141287e+00 -3.32078104232e-01 2.46388421474e-03
4.78630092323e+00 -3.32077868214e-01 2.52127495995e-03
4.89778819368e+00 -3.32077621073e-01 2.58000247225e-03
5.01187233627e+00 -3.32077362284e-01 2.64009788642e-03
5.12861383991e+00 -3.32077091300e-01 2.70159306232e-03
5.24807460250e+00 -3.32076807544e-01 2.76452060169e-03
5.37031796370e+00 -3.32076510416e-01 2.82891386548e-03
5.49540873858e+00 -3.32076199284e-01 2.89480699148e-03
5.62341325190e+00 -3.32075873490e-01 2.96223491244e-03
5.75439937337e+00 -3.32075532341e-01 3.03123337451e-03
5.88843655356e+00 -3.32075175116e-01 3.10183895623e-03
6.02559586074e+00 -3.32074801054e-01 3.17408908786e-03
6.16595001861e+00 -3.32074409364e-01 3.24802207121e-03
6.30957344480e+00 -3.32073999215e-01 3.32367709994e-03
6.45654229035e+00 -3.32073569735e-01 3.40109428025e-03
6.60693448008e+00 -3.32073120016e-01 3.48031465219e-03
6.76082975392e+00 -3.32072649102e-01 3.56138021132e-03
6.91830970919e+00 -3.32072155995e-01 3.64433393097e-03
7.07945784384e+00 -3.32071639650e-01 3.72921978497e-03
7.24435960075e+00 -3.32071098970e-01 3.81608277093e-03
7.41310241301e+00 -3.32070532809e-01 3.90496893405e-03
7.58577575029e+00 -3.32069939966e-01 3.99592539147e-03
7.76247116629e+00 -3.32069319184e-01 4.08900035723e-03
7.94328234724e+00 -3.32068669147e-01 4.18424316771e-03
8.12830516164e+00 -3.32067988474e-01 4.28170430781e-03
8.31763771103e+00 -3.32067275724e-01 4.38143543758e-03
8.51138038202e+00 -3.32066529383e-01 4.48348941959e-03
8.70963589956e+00 -3.32065747869e-01 4.58792034684e-03
8.91250938134e+00 -3.32064929525e-01 4.69478357137e-03
9.12010839356e+00 -3.32064072615e-01 4.80413573356e-03
9.33254300797e+00 -3.32063175321e-01 4.91603479198e-03
9.54992586021e+00 -3.32062235740e-01 5.03054005413e-03
9.77237220956e+00 -3.32061251880e-01 5.14771220766e-03
1.00000000000e+01 -3.32060221654e-01 5.26761335252e-03
1.02329299228e+01 -3.32059142877e-01 5.39030703372e-03
1.04712854805e+01 -3.32058013260e-01 5.51585827489e-03
1.07151930524e+01 -3.32056830408e-01 5.64433361263e-03
1.09647819614e+01 -3.32055591813e-01 5.77580113162e-03
1.12201845430e+01 -3.32054294847e-01 5.91033050054e-03
1.14815362150e+01 -3.32052936760e-01 6.04799300886e-03
1.17489755494e+01 -3.32051514672e-01 6.18886160445e-03
1.20226443462e+01 -3.32050025566e-01 6.33301093201e-03
1.23026877081e+01 -3.32048466285e-01 6.48051737248e-03
1.25892541179e+01 -3.32046833522e-01 6.63145908330e-03
1.28824955169e+01 -3.32045123813e-01 6.78591603956e-03
1.31825673856e+01 -3.32043333534e-01 6.94397007617e-03
1.34896288259e+01 -3.32041458887e-01 7.10570493097e-03
1.38038426460e+01 -3.32039495896e-01 7.27120628876e-03
1.41253754462e+01 -3.32037440400e-01 7.44056182651e-03
1.44543977075e+01 -3.32035288038e-01 7.61386125937e-03
1.47910838817e+01 -3.32033034248e-01 7.79119638796e-03
1.51356124844e+01 -3.32030674248e-01 7.97266114658e-03
1.54881661891e+01 -3.32028203035e-01 8.15835165260e-03
1.58489319246e+01 -3.32025615367e-01 8.34836625696e-03
1.62181009736e+01 -3.32022905759e-01 8.54280559580e-03
1.65958690744e+01 -3.32020068464e-01 8.74177264332e-03
1.69824365246e+01 -3.32017097465e-01 8.94537276575e-03
1.73780082875e+01 -3.32013986463e-01 9.15371377665e-03
1.77827941004e+01 -3.32010728861e-01 9.36690599341e-03
1.81970085861e+01 -3.32007317752e-01 9.58506229501e-03
1.86208713666e+01 -3.32003745903e-01 9.80829818114e-03
1.90546071796e+01 -3.32000005740e-01 1.00367318326e-02
1.94984459976e+01 -3.31996089334e-01 1.02704841732e-02
1.99526231497e+01 -3.31991988380e-01 1.05096789326e-02
2.04173794467e+01 -3.31987694184e-01 1.07544427116e-02
2.08929613085e+01 -3.31983197641e-01 1.10049050475e-02
2.13796208950e+01 -3.31978489218e-01 1.12611984818e-02
2.18776162395e+01 -3.31973558934e-01 1.15234586297e-02
2.23872113857e+01 -3.31968396335e-01 1.17918242501e-02
2.29086765277e+01 -3.31962990478e-01 1.20664373182e-02
2.34422881532e+01 -3.31957329902e-01 1.23474430989e-02
2.39883291902e+01 -3.31951402608e-01 1.26349902225e-02
2.45470891569e+01 -3.31945196031e-01 1.29292307617e-02
2.51188643151e+01 -3.31938697016e-01 1.32303203104e-02
2.57039578277e+01 -3.31931891786e-01 1.35384180640e-02
2.63026799190e+01 -3.31924765917e-01 1.38536869021e-02
2.69153480393e+01 -3.31917304307e-01 1.41762934720e-02
2.75422870334e+01 -3.31909491139e-01 1.45064082753e-02
2.81838293126e+01 -3.31901309857e-01 1.48442057550e-02
2.88403150313e+01 -3.31892743120e-01 1.51898643857e-02
2.95120922667e+01 -3.31883772776e-01 1.55435667651e-02
3.01995172040e+01 -3.31874379815e-01 1.59054997074e-02
3.09029543251e+01 -3.31864544333e-01 1.62758543391e-02
3.16227766017e+01 -3.31854245490e-01 1.66548261966e-02
3.23593656930e+01 -3.31843461465e-01 1.70426153258e-02
3.31131121483e+01 -3.31832169410e-01 1.74394263843e-02
3.38844156139e+01 -3.31820345402e-01 1.78454687448e-02
3.46736850453e+01 -3.31807964394e-01 1.82609566016e-02
3.54813389234e+01 -3.31795000157e-01 1.86861090791e-02
3.63078054770e+01 -3.31781425232e-01 1.91211503420e-02
3.71535229097e+01 -3.31767210866e-01 1.95663097083e-02
3.80189396321e+01 -3.31752326955e-01 2.00218217648e-02
3.89045144994e+01 -3.31736741978e-01 2.04879264841e-02
3.98107170553e+01 -3.31720422933e-01 2.09648693448e-02
4.07380277804e+01 -3.31703335267e-01 2.14529014537e-02
4.16869383470e+01 -3.31685442800e-01 2.19522796704e-02
4.26579518802e+01 -3.31666707652e-01 2.24632667347e-02
4.36515832240e+01 -3.31647090166e-01 2.29861313957e-02
4.46683592151e+01 -3.31626548816e-01 2.35211485446e-02
4.57088189615e+01 -3.31605040128e-01 2.40685993488e-02
4.67735141287e+01 -3.31582518584e-01 2.46287713891e-02
4.78630092323e+01 -3.31558936530e-01 2.52019587996e-02
4.89778819368e+01 -3.31534244072e-01 2.57884624099e-02
5.01187233627e+01 -3.31508388972e-01 2.63885898900e-02
5.12861383991e+01 -3.31481316540e-01 2.70026558976e-02
5.24807460250e+01 -3.31452969520e-01 2.76309822281e-02
5.37031796370e+01 -3.31423287967e-01 2.82738979674e-02
5.49540873858e+01 -3.31392209124e-01 2.89317396470e-02
5.62341325190e+01 -3.31359667288e-01 2.96048514017e-02
5.75439937337e+01 -3.31325593675e-01 3.02935851298e-02
5.88843655356e+01 -3.31289916276e-01 3.09983006563e-02
6.02559586074e+01 -3.31252559704e-01 3.17193658981e-02
6.16595001861e+01 -3.31213445039e-01 3.24571570319e-02
6.30957344480e+01 -3.31172489663e-01 3.32120586642e-02
6.45654229035e+01 -3.31129607086e-01 3.39844640047e-02
6.60693448008e+01 -3.31084706768e-01 3.47747750407e-02
6.76082975392e+01 -3.31037693930e-01 3.55834027146e-02
6.91830970919e+01 -3.30988469354e-01 3.64107671037e-02
7.07945784384e+01 -3.30936929182e-01 3.72572976016e-02
7.24435960075e+01 -3.30882964696e-01 3.81234331020e-02
7.41310241301e+01 -3.30826462093e-01 3.90096221842e-02
7.58577575029e+01 -3.30767302254e-01 3.99163233007e-02
7.76247116629e+01 -3.30705360489e-01 4.08440049661e-02
7.94328234724e+01 -3.30640506288e-01 4.17931459478e-02
8.12830516164e+01 -3.30572603044e-01 4.27642354577e-02
8.31763771103e+01 -3.30501507779e-01 4.37577733456e-02
8.51138038202e+01 -3.30427070841e-01 4.47742702931e-02
8.70963589956e+01 -3.30349135605e-01 4.58142480082e-02
8.91250938134e+01 -3.30267538143e-01 4.68782394207e-02
9.12010839356e+01 -3.30182106896e-01 4.79667888778e-02
9.33254300797e+01 -3.30092662318e-01 4.90804523390e-02
9.54992586021e+01 -3.29999016508e-01 5.02197975717e-02
9.77237220956e+01 -3.29900972832e-01 5.13854043446e-02
1.00000000000e+02 -3.29798325518e-01 5.25778646213e-02
1.02329299228e+02 -3.29690859241e-01 5.37977827515e-02
1.04712854805e+02 -3.29578348684e-01 5.50457756603e-02
1.07151930524e+02 -3.29460558084e-01 5.63224730353e-02
1.09647819614e+02 -3.29337240756e-01 5.76285175103e-02
1.12201845430e+02 -3.29208138596e-01 5.89645648452e-02
1.14815362150e+02 -3.29072981563e-01 6.03312841021e-02
1.17489755494e+02 -3.28931487136e-01 6.17293578162e-02
1.20226443462e+02 -3.28783359753e-01 6.31594821607e-02
1.23026877081e+02 -3.28628290221e-01 6.46223671059e-02
1.25892541179e+02 -3.28465955099e-01 6.61187365699e-02
1.28824955169e+02 -3.28296016065e-01 6.76493285623e-02
1.31825673856e+02 -3.28118119242e-01 6.92148953175e-02
1.34896288259e+02 -3.27931894503e-01 7.08162034183e-02
1.38038426460e+02 -3.27736954752e-01 7.24540339078e-02
1.41253754462e+02 -3.27532895161e-01 7.41291823886e-02
1.44543977075e+02 -3.27319292390e-01 7.58424591078e-02
1.47910838817e+02 -3.27095703765e-01 7.75946890270e-02
1.51356124844e+02 -3.26861666427e-01 7.93867118744e-02
1.54881661891e+02 -3.26616696442e-01 8.12193821796e-02
1.58489319246e+02 -3.26360287884e-01 8.30935692865e-02
1.62181009736e+02 -3.26091911870e-01 8.50101573450e-02
1.65958690744e+02 -3.25811015566e-01 8.69700452784e-02
1.69824365246e+02 -3.25517021148e-01 8.89741467238e-02
1.73780082875e+02 -3.25209324728e-01 9.10233899440e-02
1.77827941004e+02 -3.24887295233e-01 9.31187177091e-02
1.81970085861e+02 -3.24550273248e-01 9.52610871431e-02
1.86208713666e+02 -3.24197569807e-01 9.74514695352e-02
1.90546071796e+02 -3.23828465153e-01 9.96908501110e-02
1.94984459976e+02 -3.23442207436e-01 1.01980227761e-01
1.99526231497e+02 -3.23038011379e-01 1.04320614724e-01
2.04173794467e+02 -3.22615056888e-01 1.06713036221e-01
2.08929613085e+02 -3.22172487619e-01 1.09158530034e-01
2.13796208950e+02 -3.21709409496e-01 1.11658146031e-01
2.18776162395e+02 -3.21224889174e-01 1.14212945627e-01
2.23872113857e+02 -3.20717952462e-01 1.16824001180e-01
2.29086765277e+02 -3.20187582689e-01 1.19492395317e-01
2.34422881532e+02 -3.19632719023e-01 1.22219220182e-01
2.39883291902e+02 -3.19052254739e-01 1.25005576607e-01
2.45470891569e+02 -3.18445035440e-01 1.27852573195e-01
2.51188643151e+02 -3.17809857222e-01 1.30761325309e-01
2.57039578277e+02 -3.17145464801e-01 1.33732953963e-01
2.63026799190e+02 -3.16450549584e-01 1.36768584613e-01
2.69153480393e+02 -3.15723747695e-01 1.39869345828e-01
2.75422870334e+02 -3.14963637962e-01 1.43036367851e-01
2.81838293126e+02 -3.14168739859e-01 1.46270781028e-01
2.88403150313e+02 -3.13337511402e-01 1.49573714102e-01
2.95120922667e+02 -3.12468347025e-01 1.52946292374e-01
3.01995172040e+02 -3.11559575399e-01 1.56389635704e-01
3.09029543251e+02 -3.10609457245e-01 1.59904856354e-01
3.16227766017e+02 -3.09616183110e-01 1.63493056672e-01
3.23593656930e+02 -3.08577871128e-01 1.67155326587e-01
3.31131121483e+02 -3.07492564769e-01 1.70892740924e-01
3.38844156139e+02 -3.06358230576e-01 1.74706356522e-01
3.46736850453e+02 -3.05172755920e-01 1.78597209139e-01
3.54813389234e+02 -3.03933946747e-01 1.82566310151e-01
3.63078054770e+02 -3.02639525360e-01 1.86614643014e-01
3.71535229097e+02 -3.01287128228e-01 1.90743159489e-01
3.80189396321e+02 -2.99874303839e-01 1.94952775625e-01
3.89045144994e+02 -2.98398510610e-01 1.99244367474e-01
3.98107170553e+02 -2.96857114871e-01 2.03618766544e-01
4.07380277804e+02 -2.95247388939e-01 2.08076754968e-01
4.16869383470e+02 -2.93566509291e-01 2.12619060384e-01
4.26579518802e+02 -2.91811554870e-01 2.17246350514e-01
4.36515832240e+02 -2.89979505532e-01 2.21959227436e-01
4.46683592151e+02 -2.88067240664e-01 2.26758221539e-01
4.57088189615e+02 -2.86071537992e-01 2.31643785152e-01
4.67735141287e+02 -2.83989072615e-01 2.36616285841e-01
4.78630092323e+02 -2.81816416276e-01 2.41675999366e-01
4.89778819368e+02 -2.79550036919e-01 2.46823102306e-01
5.01187233627e+02 -2.77186298558e-01 2.52057664324e-01
5.12861383991e+02 -2.74721461475e-01 2.57379640103e-01
5.24807460250e+02 -2.72151682820e-01 2.62788860924e-01
5.37031796370e+02 -2.69473017613e-01 2.68285025915e-01
5.49540873858e+02 -2.66681420216e-01 2.73867692956e-01
5.62341325190e+02 -2.63772746300e-01 2.79536269267e-01
5.75439937337e+02 -2.60742755362e-01 2.85290001679e-01
5.88843655356e+02 -2.57587113832e-01 2.91127966609e-01
6.02559586074e+02 -2.54301398827e-01 2.97049059761e-01
6.16595001861e+02 -2.50881102581e-01 3.03051985575e-01
6.30957344480e+02 -2.47321637625e-01 3.09135246456e-01
6.45654229035e+02 -2.43618342750e-01 3.15297131815e-01
6.60693448008e+02 -2.39766489816e-01 3.21535706965e-01
6.76082975392e+02 -2.35761291449e-01 3.27848801915e-01
6.91830970919e+02 -2.31597909680e-01 3.34234000127e-01
7.07945784384e+02 -2.27271465582e-01 3.40688627271e-01
7.24435960075e+02 -2.22777049937e-01 3.47209740077e-01
7.41310241301e+02 -2.18109734999e-01 3.53794115330e-01
7.58577575029e+02 -2.13264587374e-01 3.60438239107e-01
7.76247116629e+02 -2.08236682076e-01 3.67138296341e-01
7.94328234724e+02 -2.03021117763e-01 3.73890160805e-01
8.12830516164e+02 -1.97613033217e-01 3.80689385631e-01
8.31763771103e+02 -1.92007625053e-01 3.87531194468e-01
8.51138038202e+02 -1.86200166683e-01 3.94410473410e-01
8.70963589956e+02 -1.80186028541e-01 4.01321763809e-01
8.91250938134e+02 -1.73960699544e-01 4.08259256122e-01
9.12010839356e+02 -1.67519809779e-01 4.15216784928e-01
9.33254300797e+02 -1.60859154376e-01 4.22187825251e-01
9.54992586021e+02 -1.53974718515e-01 4.29165490360e-01
9.77237220956e+02 -1.46862703502e-01 4.36142531182e-01
1.00000000000e+03 -1.39519553829e-01 4.43111337489e-01
1.02329299228e+03 -1.31941985115e-01 4.50063941011e-01
1.04712854805e+03 -1.24127012809e-01 4.56992020632e-01
1.07151930524e+03 -1.16071981511e-01 4.63886909814e-01
1.09647819614e+03 -1.07774594748e-01 4.70739606379e-01
1.12201845430e+03 -9.92329450248e-02 4.77540784798e-01
1.14815362150e+03 -9.04455439436e-02 4.84280811093e-01
1.17489755494e+03 -8.14113521706e-02 4.90949760459e-01
1.20226443462e+03 -7.21298090027e-02 4.97537437689e-01
1.23026877081e+03 -6.26008612747e-02 5.04033400472e-01
1.25892541179e+03 -5.28249913282e-02 5.10426985597e-01
1.28824955169e+03 -4.28032437444e-02 5.16707338077e-01
1.31825673856e+03 -3.25372505409e-02 5.22863443182e-01
1.34896288259e+03 -2.20292545129e-02 5.28884161314e-01
1.38038426460e+03 -1.12821304017e-02 5.34758265665e-01
1.41253754462e+03 -2.99403563763e-04 5.40474482504e-01
1.44543977075e+03 1.09147341714e-02 5.46021533958e-01
1.47910838817e+03 2.23554117742e-02 5.51388183067e-01
1.51356124844e+03 3.40170697080e-02 5.56563280889e-01
1.54881661891e+03 4.58934543317e-02 5.61535815355e-01
1.58489319246e+03 5.79776162585e-02 5.66294961576e-01
1.62181009736e+03 7.02619129075e-02 5.70830133229e-01
1.65958690744e+03 8.27380154300e-02 5.75131034641e-01
1.69824365246e+03 9.53969201737e-02 5.79187713150e-01
1.73780082875e+03 1.08228964783e-01 5.82990611297e-01
1.77827941004e+03 1.21223849000e-01 5.86530618386e-01
1.81970085861e+03 1.34370660177e-01 5.89799120919e-01
1.86208713666e+03 1.47657903432e-01 5.92788051437e-01
1.90546071796e+03 1.61073536375e-01 5.95489935254e-01
1.94984459976e+03 1.74605008200e-01 5.97897934619e-01
1.99526231497e+03 1.88239302961e-01 6.00005889824e-01
2.04173794467e+03 2.01962986717e-01 6.01808356810e-01
2.08929613085e+03 2.15762258244e-01 6.03300640864e-01
2.13796208950e+03 2.29623002900e-01 6.04478826003e-01
2.18776162395e+03 2.43530849235e-01 6.05339799731e-01
2.23872113857e+03 2.57471227869e-01 6.05881272857e-01
2.29086765277e+03 2.71429432125e-01 6.06101794158e-01
2.34422881532e+03 2.85390679888e-01 6.06000759700e-01
2.39883291902e+03 2.99340176150e-01 6.05578416714e-01
2.45470891568e+03 3.13263175663e-01 6.04835861978e-01
2.51188643151e+03 3.27145045148e-01 6.03775034717e-01
2.57039578277e+03 3.40971324501e-01 6.02398704119e-01
2.63026799190e+03 3.54727786454e-01 6.00710451607e-01
2.69153480393e+03 3.68400494175e-01 5.98714648083e-01
2.75422870334e+03 3.81975856320e-01 5.96416426397e-01
2.81838293126e+03 3.95440679088e-01 5.93821649382e-01
2.88403150313e+03 4.08782214879e-01 5.90936873803e-01
2.95120922667e+03 4.21988207198e-01 5.87769310633e-01
3.01995172040e+03 4.35046931497e-01 5.84326782083e-01
3.09029543251e+03 4.47947231720e-01 5.80617675873e-01
3.16227766017e+03 4.60678552356e-01 5.76650897184e-01
3.23593656930e+03 4.73230965872e-01 5.72435818827e-01
3.31131121483e+03 4.85595195447e-01 5.67982230073e-01
3.38844156139e+03 4.97762633011e-01 5.63300284665e-01
3.46736850453e+03 5.09725352599e-01 5.58400448468e-01
3.54813389234e+03 5.21476119129e-01 5.53293447211e-01
3.63078054770e+03 5.33008392737e-01 5.47990214766e-01
3.71535229097e+03 5.44316328825e-01 5.42501842342e-01
3.80189396321e+03 5.55394774070e-01 5.36839528995e-01
3.89045144994e+03 5.66239258607e-01 5.31014533757e-01
3.98107170553e+03 5.76845984671e-01 5.25038129707e-01
4.07380277804e+03 5.87211811996e-01 5.18921560222e-01
4.16869383470e+03 5.97334240255e-01 5.12675997636e-01
4.26579518802e+03 6.07211388889e-01 5.06312504484e-01
4.36515832240e+03 6.16841974617e-01 4.99841997463e-01
4.46683592151e+03 6.26225286963e-01 4.93275214216e-01
4.57088189615e+03 6.35361162118e-01 4.86622683008e-01
4.67735141287e+03 6.44249955443e-01 4.79894695312e-01
4.78630092323e+03 6.52892512914e-01 4.73101281317e-01
4.89778819368e+03 6.61290141793e-01 4.66252188323e-01
5.01187233627e+03 6.69444580794e-01 4.59356861969e-01
5.12861383991e+03 6.77357970002e-01 4.52424430221e-01
5.24807460250e+03 6.85032820763e-01 4.45463690017e-01
5.37031796370e+03 6.92471985773e-01 4.38483096463e-01
5.49540873858e+03 6.99678629553e-01 4.31490754451e-01
5.62341325190e+03 7.06656199465e-01 4.24494412562e-01
5.75439937337e+03 7.13408397452e-01 4.17501459105e-01
5.88843655356e+03 7.19939152592e-01 4.10518920155e-01
6.02559586074e+03 7.26252594614e-01 4.03553459420e-01
6.16595001861e+03 7.32353028438e-01 3.96611379796e-01
6.30957344480e+03 7.38244909826e-01 3.89698626445e-01
6.45654229035e+03 7.43932822211e-01 3.82820791256e-01
6.60693448008e+03 7.49421454717e-01 3.75983118529e-01
6.76082975392e+03 7.54715581431e-01 3.69190511744e-01
6.91830970919e+03 7.59820041917e-01 3.62447541284e-01
7.07945784384e+03 7.64739722991e-01 3.55758452967e-01
7.24435960075e+03 7.69479541740e-01 3.49127177271e-01
7.41310241301e+03 7.74044429771e-01 3.42557339144e-01
7.58577575029e+03 7.78439318682e-01 3.36052268262e-01
7.76247116629e+03 7.82669126694e-01 3.29615009673e-01
7.94328234724e+03 7.86738746436e-01 3.23248334702e-01
8.12830516164e+03 7.90653033834e-01 3.16954752042e-01
8.31763771103e+03 7.94416798056e-01 3.10736518964e-01
8.51138038202e+03 7.98034792465e-01 3.04595652559e-01
8.70963589956e+03 8.01511706541e-01 2.98533940961e-01
8.91250938134e+03 8.04852158716e-01 2.92552954491e-01
9.12010839356e+03 8.08060690064e-01 2.86654056674e-01
9.33254300797e+03 8.11141758811e-01 2.80838415083e-01
9.54992586021e+03 8.14099735596e-01 2.75107011980e-01
9.77237220956e+03 8.16938899447e-01 2.69460654712e-01
1.00000000000e+04 8.19663434416e-01 2.63899985846e-01
1.02329299228e+04 8.22277426821e-01 2.58425493009e-01
1.04712854805e+04 8.24784863059e-01 2.53037518430e-01
1.07151930524e+04 8.27189627937e-01 2.47736268153e-01
1.09647819614e+04 8.29495503476e-01 2.42521820927e-01
1.12201845430e+04 8.31706168158e-01 2.37394136753e-01
1.14815362150e+04 8.33825196561e-01 2.32353065084e-01
1.17489755494e+04 8.35856059357e-01 2.27398352693e-01
1.20226443462e+04 8.37802123638e-01 2.22529651177e-01
1.23026877081e+04 8.39666653522e-01 2.17746524138e-01
1.25892541179e+04 8.41452811030e-01 2.13048454007e-01
1.28824955169e+04 8.43163657183e-01 2.08434848545e-01
1.31825673856e+04 8.44802153316e-01 2.03905047008e-01
1.34896288259e+04 8.46371162552e-01 1.99458325998e-01
1.38038426460e+04 8.47873451453e-01 1.95093904999e-01
1.41253754462e+04 8.49311691781e-01 1.90810951604e-01
1.44543977075e+04 8.50688462394e-01 1.86608586457e-01
1.47910838817e+04 8.52006251221e-01 1.82485887903e-01
1.51356124844e+04 8.53267457327e-01 1.78441896367e-01
1.54881661891e+04 8.54474393034e-01 1.74475618474e-01
1.58489319246e+04 8.55629286093e-01 1.70586030901e-01
1.62181009736e+04 8.56734281900e-01 1.66772084008e-01
1.65958690744e+04 8.57791445721e-01 1.63032705215e-01
1.69824365246e+04 8.58802764955e-01 1.59366802174e-01
1.73780082875e+04 8.59770151379e-01 1.55773265721e-01
1.77827941004e+04 8.60695443409e-01 1.52250972631e-01
1.81970085861e+04 8.61580408343e-01 1.48798788176e-01
1.86208713666e+04 8.62426744585e-01 1.45415568508e-01
1.90546071796e+04 8.63236083857e-01 1.42100162869e-01
1.94984459976e+04 8.64009993373e-01 1.38851415633e-01
1.99526231497e+04 8.64749977988e-01 1.35668168196e-01
2.04173794467e+04 8.65457482313e-01 1.32549260728e-01
2.08929613085e+04 8.66133892782e-01 1.29493533772e-01
2.13796208950e+04 8.66780539691e-01 1.26499829728e-01
2.18776162395e+04 8.67398699183e-01 1.23566994209e-01
2.23872113857e+04 8.67989595192e-01 1.20693877279e-01
2.29086765277e+04 8.68554401341e-01 1.17879334588e-01
2.34422881532e+04 8.69094242790e-01 1.15122228407e-01
2.39883291902e+04 8.69610198033e-01 1.12421428558e-01
2.45470891568e+04 8.70103300650e-01 1.09775813267e-01
2.51188643151e+04 8.70574541006e-01 1.07184269929e-01
2.57039578277e+04 8.71024867904e-01 1.04645695788e-01
2.63026799190e+04 8.71455190179e-01 1.02158998556e-01
2.69153480393e+04 8.71866378252e-01 9.97230969560e-02
2.75422870334e+04 8.72259265632e-01 9.73369212007e-02
2.81838293126e+04 8.72634650363e-01 9.49994134183e-02
2.88403150313e+04 8.72993296432e-01 9.27095280164e-02
2.95120922667e+04 8.73335935122e-01 9.04662319986e-02
3.01995172040e+04 8.73663266324e-01 8.82685052308e-02
3.09029543251e+04 8.73975959797e-01 8.61153406653e-02
3.16227766017e+04 8.74274656389e-01 8.40057445217e-02
3.23593656930e+04 8.74559969210e-01 8.19387364310e-02
3.31131121483e+04 8.74832484764e-01 7.99133495437e-02
3.38844156139e+04 8.75092764039e-01 7.79286306053e-02
3.46736850453e+04 8.75341343553e-01 7.59836400018e-02
3.54813389234e+04 8.75578736369e-01 7.40774517769e-02
3.63078054770e+04 8.75805433057e-01 7.22091536237e-02
3.71535229097e+04 8.76021902634e-01 7.03778468531e-02
3.80189396321e+04 8.76228593456e-01 6.85826463396e-02
3.89045144994e+04 8.76425934083e-01 6.68226804483e-02
3.98107170553e+04 8.76614334101e-01 6.50970909420e-02
4.07380277804e+04 8.76794184920e-01 6.34050328733e-02
4.16869383470e+04 8.76965860534e-01 6.17456744603e-02
4.26579518802e+04 8.77129718251e-01 6.01181969483e-02
4.36515832240e+04 8.77286099396e-01 5.85217944596e-02
4.46683592151e+04 8.77435329979e-01 5.69556738310e-02
4.57088189615e+04 8.77577721344e-01 5.54190544412e-02
4.67735141287e+04 8.77713570781e-01 5.39111680286e-02
4.78630092323e+04 8.77843162120e-01 5.24312585012e-02
4.89778819368e+04 8.77966766295e-01 5.09785817376e-02
5.01187233627e+04 8.78084641888e-01 4.95524053828e-02
5.12861383991e+04 8.78197035644e-01 4.81520086362e-02
5.24807460250e+04 8.78304182969e-01 4.67766820360e-02
5.37031796370e+04 8.78406308403e-01 4.54257272371e-02
5.49540873858e+04 8.78503626076e-01 4.40984567862e-02
5.62341325190e+04 8.78596340136e-01 4.27941938923e-02
5.75439937337e+04 8.78684645168e-01 4.15122721947e-02
5.88843655356e+04 8.78768726587e-01 4.02520355280e-02
6.02559586074e+04 8.78848761016e-01 3.90128376849e-02
6.16595001861e+04 8.78924916644e-01 3.77940421768e-02
6.30957344480e+04 8.78997353574e-01 3.65950219935e-02
6.45654229035e+04 8.79066224146e-01 3.54151593612e-02
6.60693448008e+04 8.79131673251e-01 3.42538454996e-02
6.76082975392e+04 8.79193838628e-01 3.31104803785e-02
6.91830970919e+04 8.79252851148e-01 3.19844724736e-02
7.07945784384e+04 8.79308835081e-01 3.08752385227e-02
7.24435960075e+04 8.79361908355e-01 2.97822032811e-02
7.41310241301e+04 8.79412182797e-01 2.87047992780e-02
7.58577575029e+04 8.79459764364e-01 2.76424665722e-02
7.76247116629e+04 8.79504753362e-01 2.65946525091e-02
7.94328234724e+04 8.79547244655e-01 2.55608114779e-02
8.12830516164e+04 8.79587327860e-01 2.45404046691e-02
8.31763771103e+04 8.79625087532e-01 2.35328998338e-02
8.51138038202e+04 8.79660603344e-01 2.25377710422e-02
8.70963589956e+04 8.79693950244e-01 2.15544984449e-02
8.91250938134e+04 8.79725198620e-01 2.05825680334e-02
9.12010839356e+04 8.79754414441e-01 1.96214714028e-02
9.33254300797e+04 8.79781659393e-01 1.86707055151e-02
9.54992586021e+04 8.79806991012e-01 1.77297724632e-02
9.77237220956e+04 8.79830462802e-01 1.67981792369e-02
1.00000000000e+05 8.79852124346e-01 1.58754374889e-02
1.02329299228e+05 8.79872021408e-01 1.49610633031e-02
1.04712854805e+05 8.79890196033e-01 1.40545769626e-02
1.07151930524e+05 8.79906686629e-01 1.31555027202e-02
1.09647819614e+05 8.79921528053e-01 1.22633685692e-02
1.12201845430e+05 8.79934751680e-01 1.13777060153e-02
1.14815362150e+05 8.79946385470e-01 1.04980498499e-02
1.17489755494e+05 8.79956454026e-01 9.62393792417e-03
1.20226443462e+05 8.79964978647e-01 8.75491092436e-03
1.23026877081e+05 8.79971977372e-01 7.89051214795e-03
1.25892541179e+05 8.79977465015e-01 7.03028728092e-03
1.28824955169e+05 8.79981453201e-01 6.17378417580e-03
1.31825673856e+05 8.79983950389e-01 5.32055263086e-03
1.34896288259e+05 8.79984961887e-01 4.47014417004e-03
1.38038426460e+05 8.79984489867e-01 3.62211182381e-03
1.41253754462e+05 8.79982533367e-01 2.77600991090e-03
1.44543977075e+05 8.79979088293e-01 1.93139382076e-03
1.47910838817e+05 8.79974147406e-01 1.08781979695e-03
1.51356124844e+05 8.79967700312e-01 2.44844721114e-04
1.54881661891e+05 8.79959733436e-01 -5.97974102141e-04
1.58489319246e+05 8.79950229999e-01 -1.44107915973e-03
1.62181009736e+05 8.79939169978e-01 -2.28491294385e-03
1.65958690744e+05 8.79926530071e-01 -3.12991816506e-03
1.69824365246e+05 8.79912283642e-01 -3.97653796469e-03
1.73780082875e+05 8.79896400672e-01 -4.82521612654e-03
1.77827941004e+05 8.79878847693e-01 -5.67639728798e-03
1.81970085861e+05 8.79859587720e-01 -6.53052715031e-03
1.86208713666e+05 8.79838580176e-01 -7.38805268852e-03
1.90546071796e+05 8.79815780808e-01 -8.24942236027e-03
1.94984459976e+05 8.79791141593e-01 -9.11508631424e-03
1.99526231497e+05 8.79764610641e-01 -9.98549659776e-03
2.04173794467e+05 8.79736132090e-01 -1.08611073635e-02
2.08929613085e+05 8.79705645988e-01 -1.17423750756e-02
2.13796208950e+05 8.79673088170e-01 -1.26297587148e-02
2.18776162395e+05 8.79638390128e-01 -1.35237199824e-02
2.23872113857e+05 8.79601478868e-01 -1.44247235037e-02
2.29086765277e+05 8.79562276761e-01 -1.53332370301e-02
2.34422881532e+05 8.79520701388e-01 -1.62497316397e-02
2.39883291902e+05 8.79476665363e-01 -1.71746819375e-02
2.45470891568e+05 8.79430076162e-01 -1.81085662528e-02
2.51188643151e+05 8.79380835930e-01 -1.90518668365e-02
2.57039578277e+05 8.79328841285e-01 -2.00050700555e-02
2.63026799190e+05 8.79273983103e-01 -2.09686665860e-02
2.69153480393e+05 8.79216146300e-01 -2.19431516040e-02
2.75422870334e+05 8.79155209599e-01 -2.29290249744e-02
2.81838293126e+05 8.79091045280e-01 -2.39267914364e-02
2.88403150313e+05 8.79023518927e-01 -2.49369607871e-02
2.95120922667e+05 8.78952489156e-01 -2.59600480614e-02
3.01995172040e+05 8.78877807329e-01 -2.69965737087e-02
3.09029543251e+05 8.78799317255e-01 -2.80470637658e-02
3.16227766017e+05 8.78716854881e-01 -2.91120500255e-02
3.23593656930e+05 8.78630247961e-01 -3.01920702011e-02
3.31131121483e+05 8.78539315715e-01 -3.12876680854e-02
3.38844156139e+05 8.78443868470e-01 -3.23993937044e-02
3.46736850453e+05 8.78343707281e-01 -3.35278034653e-02
3.54813389234e+05 8.78238623546e-01 -3.46734602975e-02
3.63078054770e+05 8.78128398586e-01 -3.58369337869e-02
3.71535229097e+05 8.78012803226e-01 -3.70188003017e-02
3.80189396321e+05 8.77891597339e-01 -3.82196431105e-02
3.89045144994e+05 8.77764529385e-01 -3.94400524908e-02
3.98107170553e+05 8.77631335923e-01 -4.06806258269e-02
4.07380277804e+05 8.77491741098e-01 -4.19419676976e-02
4.16869383470e+05 8.77345456118e-01 -4.32246899514e-02
4.26579518802e+05 8.77192178699e-01 -4.45294117692e-02
4.36515832240e+05 8.77031592488e-01 -4.58567597124e-02
4.46683592151e+05 8.76863366470e-01 -4.72073677562e-02
4.57088189615e+05 8.76687154341e-01 -4.85818773065e-02
4.67735141287e+05 8.76502593864e-01 -4.99809371987e-02
4.78630092323e+05 8.76309306194e-01 -5.14052036771e-02
4.89778819368e+05 8.76106895177e-01 -5.28553403546e-02
5.01187233627e+05 8.75894946630e-01 -5.43320181482e-02
5.12861383991e+05 8.75673027580e-01 -5.58359151924e-02
5.24807460250e+05 8.75440685488e-01 -5.73677167251e-02
5.37031796370e+05 8.75197447435e-01 -5.89281149460e-02
5.49540873858e+05 8.74942819284e-01 -6.05178088453e-02
5.62341325190e+05 8.74676284809e-01 -6.21375039997e-02
5.75439937337e+05 8.74397304798e-01 -6.37879123339e-02
5.88843655356e+05 8.74105316118e-01 -6.54697518451e-02
6.02559586074e+05 8.73799730759e-01 -6.71837462870e-02
6.16595001861e+05 8.73479934836e-01 -6.89306248122e-02
6.30957344480e+05 8.73145287572e-01 -7.07111215683e-02
6.45654229035e+05 8.72795120237e-01 -7.25259752450e-02
6.60693448008e+05 8.72428735063e-01 -7.43759285702e-02
6.76082975392e+05 8.72045404128e-01 -7.62617277490e-02
6.91830970919e+05 8.71644368209e-01 -7.81841218448e-02
7.07945784384e+05 8.71224835600e-01 -8.01438620962e-02
7.24435960075e+05 8.70785980905e-01 -8.21417011674e-02
7.41310241301e+05 8.70326943805e-01 -8.41783923266e-02
7.58577575029e+05 8.69846827790e-01 -8.62546885486e-02
7.76247116629e+05 8.69344698872e-01 -8.83713415368e-02
7.94328234724e+05 8.68819584269e-01 -9.05291006595e-02
8.12830516164e+05 8.68270471070e-01 -9.27287117957e-02
8.31763771103e+05 8.67696304878e-01 -9.49709160849e-02
8.51138038202e+05 8.67095988435e-01 -9.72564485759e-02
8.70963589956e+05 8.66468380235e-01 -9.95860367677e-02
8.91250938134e+05 8.65812293127e-01 -1.01960399038e-01
9.12010839356e+05 8.65126492907e-01 -1.04380242955e-01
9.33254300797e+05 8.64409696909e-01 -1.06846263458e-01
9.54992586021e+05 8.63660572607e-01 -1.09359140912e-01
9.77237220956e+05 8.62877736211e-01 -1.11919539028e-01
1.00000000000e+06 8.62059751293e-01 -1.14528102626e-01
1.02329299228e+06 8.61205127422e-01 -1.17185455259e-01
1.04712854805e+06 8.60312318840e-01 -1.19892196679e-01
1.07151930524e+06 8.59379723170e-01 -1.22648900129e-01
1.09647819614e+06 8.58405680169e-01 -1.25456109476e-01
1.12201845430e+06 8.57388470549e-01 -1.28314336160e-01
1.14815362150e+06 8.56326314860e-01 -1.31224055962e-01
1.17489755494e+06 8.55217372454e-01 -1.34185705586e-01
1.20226443462e+06 8.54059740548e-01 -1.37199679038e-01
1.23026877081e+06 8.52851453395e-01 -1.40266323813e-01
1.25892541179e+06 8.51590481580e-01 -1.43385936878e-01
1.28824955169e+06 8.50274731458e-01 -1.46558760436e-01
1.31825673856e+06 8.48902044748e-01 -1.49784977492e-01
1.34896288259e+06 8.47470198314e-01 -1.53064707196e-01
1.38038426460e+06 8.45976904137e-01 -1.56397999973e-01
1.41253754462e+06 8.44419809515e-01 -1.59784832435e-01
1.44543977075e+06 8.42796497502e-01 -1.63225102084e-01
1.47910838817e+06 8.41104487619e-01 -1.66718621795e-01
1.51356124844e+06 8.39341236858e-01 -1.70265114100e-01
1.54881661891e+06 8.37504141008e-01 -1.73864205265e-01
1.58489319246e+06 8.35590536332e-01 -1.77515419178e-01
1.62181009736e+06 8.33597701613e-01 -1.81218171052e-01
1.65958690744e+06 8.31522860624e-01 -1.84971760960e-01
1.69824365246e+06 8.29363185019e-01 -1.88775367225e-01
1.73780082875e+06 8.27115797709e-01 -1.92628039667e-01
1.77827941004e+06 8.24777776733e-01 -1.96528692747e-01
1.81970085861e+06 8.22346159659e-01 -2.00476098630e-01
1.86208713666e+06 8.19817948566e-01 -2.04468880186e-01
1.90546071796e+06 8.17190115600e-01 -2.08505503979e-01
1.94984459976e+06 8.14459609185e-01 -2.12584273278e-01
1.99526231497e+06 8.11623360865e-01 -2.16703321123e-01
2.04173794467e+06 8.08678292854e-01 -2.20860603507e-01
2.08929613085e+06 8.05621326277e-01 -2.25053892725e-01
2.13796208950e+06 8.02449390160e-01 -2.29280770932e-01
2.18776162395e+06 7.99159431162e-01 -2.33538623996e-01
2.23872113857e+06 7.95748424081e-01 -2.37824635696e-01
2.29086765277e+06 7.92213383129e-01 -2.42135782343e-01
2.34422881532e+06 7.88551374008e-01 -2.46468827902e-01
2.39883291902e+06 7.84759526743e-01 -2.50820319692e-01
2.45470891568e+06 7.80835049313e-01 -2.55186584760e-01
2.51188643151e+06 7.76775242020e-01 -2.59563727000e-01
2.57039578277e+06 7.72577512602e-01 -2.63947625128e-01
2.63026799190e+06 7.68239392037e-01 -2.68333931596e-01
2.69153480393e+06 7.63758551005e-01 -2.72718072543e-01
2.75422870334e+06 7.59132816940e-01 -2.77095248884e-01
2.81838293126e+06 7.54360191619e-01 -2.81460438628e-01
2.88403150313e+06 7.49438869196e-01 -2.85808400517e-01
2.95120922667e+06 7.44367254600e-01 -2.90133679090e-01
3.01995172040e+06 7.39143982177e-01 -2.94430611237e-01
3.09029543251e+06 7.33767934477e-01 -2.98693334343e-01
3.16227766017e+06 7.28238261040e-01 -3.02915796081e-01
3.23593656930e+06 7.22554397044e-01 -3.07091765921e-01
3.31131121483e+06 7.16716081656e-01 -3.11214848397e-01
3.38844156139e+06 7.10723375927e-01 -3.15278498185e-01
3.46736850453e+06 7.04576680042e-01 -3.19276036987e-01
3.54813389234e+06 6.98276749754e-01 -3.23200672248e-01
3.63078054770e+06 6.91824711789e-01 -3.27045517674e-01
3.71535229097e+06 6.85222078050e-01 -3.30803615513e-01
3.80189396321e+06 6.78470758396e-01 -3.34467960555e-01
3.89045144994e+06 6.71573071805e-01 -3.38031525744e-01
3.98107170553e+06 6.64531755733e-01 -3.41487289314e-01
4.07380277804e+06 6.57349973452e-01 -3.44828263303e-01
4.16869383470e+06 6.50031319212e-01 -3.48047523301e-01
4.26579518802e+06 6.42579821032e-01 -3.51138239232e-01
4.36515832240e+06 6.34999940983e-01 -3.54093706982e-01
4.46683592151e+06 6.27296572815e-01 -3.56907380629e-01
4.57088189615e+06 6.19475036823e-01 -3.59572905045e-01
4.67735141287e+06 6.11541071858e-01 -3.62084148578e-01
4.78630092323e+06 6.03500824432e-01 -3.64435235556e-01
4.89778819368e+06 5.95360834881e-01 -3.66620578306e-01
5.01187233627e+06 5.87128020595e-01 -3.68634908386e-01
5.12861383991e+06 5.78809656362e-01 -3.70473306730e-01
5.24807460250e+06 5.70413351890e-01 -3.72131232391e-01
5.37031796370e+06 5.61947026629e-01 -3.73604549596e-01
5.49540873858e+06 5.53418882047e-01 -3.74889552804e-01
5.62341325190e+06 5.44837371522e-01 -3.75982989515e-01
5.75439937337e+06 5.36211168103e-01 -3.76882080548e-01
5.88843655356e+06 5.27549130349e-01 -3.77584537581e-01
6.02559586074e+06 5.18860266553e-01 -3.78088577735e-01
6.16595001861e+06 5.10153697641e-01 -3.78392935038e-01
6.30957344480e+06 5.01438619060e-01 -3.78496868628e-01
6.45654229035e+06 4.92724262002e-01 -3.78400167603e-01
6.60693448008e+06 4.84019854307e-01 -3.78103152457e-01
6.76082975392e+06 4.75334581389e-01 -3.77606673087e-01
6.91830970919e+06 4.66677547548e-01 -3.76912103387e-01
7.07945784384e+06 4.58057738002e-01 -3.76021332512e-01
7.24435960075e+06 4.49483981983e-01 -3.74936752887e-01
7.41310241301e+06 4.40964917201e-01 -3.73661245141e-01
7.58577575029e+06 4.32508955989e-01 -3.72198160098e-01
7.76247116629e+06 4.24124253391e-01 -3.70551298076e-01
7.94328234724e+06 4.15818677433e-01 -3.68724885697e-01
8.12830516164e+06 4.07599781805e-01 -3.66723550486e-01
8.31763771103e+06 3.99474781117e-01 -3.64552293528e-01
8.51138038202e+06 3.91450528876e-01 -3.62216460475e-01
8.70963589956e+06 3.83533498297e-01 -3.59721711217e-01
8.91250938134e+06 3.75729766012e-01 -3.57073988498e-01
9.12010839356e+06 3.68044998713e-01 -3.54279485814e-01
9.33254300797e+06 3.60484442731e-01 -3.51344614863e-01
9.54992586021e+06 3.53052916522e-01 -3.48275972867e-01
9.77237220956e+06 3.45754805979e-01 -3.45080310021e-01
1.00000000000e+07 3.38594062505e-01 -3.41764497357e-01
1.02329299228e+07 3.31574203705e-01 -3.38335495248e-01
1.04712854805e+07 3.24698316574e-01 -3.34800322788e-01
1.07151930524e+07 3.17969063012e-01 -3.31166028248e-01
1.09647819614e+07 3.11388687503e-01 -3.27439660786e-01
1.12201845430e+07 3.04959026764e-01 -3.23628243562e-01
1.14815362150e+07 2.98681521178e-01 -3.19738748388e-01
1.17489755494e+07 2.92557227806e-01 -3.15778072019e-01
1.20226443462e+07 2.86586834784e-01 -3.11753014158e-01
1.23026877081e+07 2.80770676893e-01 -3.07670257243e-01
1.25892541179e+07 2.75108752120e-01 -3.03536348036e-01
1.28824955169e+07 2.69600739012e-01 -2.99357681035e-01
1.31825673856e+07 2.64246014626e-01 -2.95140483705e-01
1.34896288259e+07 2.59043672923e-01 -2.90890803497e-01
1.38038426460e+07 2.53992543426e-01 -2.86614496632e-01
1.41253754462e+07 2.49091209984e-01 -2.82317218576e-01
1.44543977075e+07 2.44338029520e-01 -2.78004416162e-01
1.47910838817e+07 2.39731150613e-01 -2.73681321278e-01
1.51356124844e+07 2.35268531812e-01 -2.69352946040e-01
1.54881661891e+07 2.30947959570e-01 -2.65024079362e-01
1.58489319246e+07 2.26767065722e-01 -2.60699284836e-01
1.62181009736e+07 2.22723344409e-01 -2.56382899820e-01
1.65958690744e+07 2.18814168403e-01 -2.52079035647e-01
1.69824365246e+07 2.15036804766e-01 -2.47791578849e-01
1.73780082875e+07 2.11388429805e-01 -2.43524193303e-01
1.77827941004e+07 2.07866143293e-01 -2.39280323213e-01
1.81970085861e+07 2.04466981927e-01 -2.35063196822e-01
1.86208713666e+07 2.01187932009e-01 -2.30875830770e-01
1.90546071796e+07 1.98025941348e-01 -2.26721035025e-01
1.94984459976e+07 1.94977930383e-01 -2.22601418286e-01
1.99526231497e+07 1.92040802520e-01 -2.18519393796e-01
2.04173794467e+07 1.89211453718e-01 -2.14477185491e-01
2.08929613085e+07 1.86486781318e-01 -2.10476834411e-01
2.13796208950e+07 1.83863692148e-01 -2.06520205321e-01
2.18776162395e+07 1.81339109925e-01 -2.02608993477e-01
2.23872113857e+07 1.78909981981e-01 -1.98744731493e-01
2.29086765277e+07 1.76573285334e-01 -1.94928796255e-01
2.34422881532e+07 1.74326032155e-01 -1.91162415841e-01
2.39883291902e+07 1.72165274630e-01 -1.87446676411e-01
2.45470891568e+07 1.70088109286e-01 -1.83782529040e-01
2.51188643151e+07 1.68091680779e-01 -1.80170796441e-01
2.57039578277e+07 1.66173185211e-01 -1.76612179589e-01
2.63026799190e+07 1.64329872974e-01 -1.73107264189e-01
2.69153480393e+07 1.62559051181e-01 -1.69656526988e-01
2.75422870334e+07 1.60858085705e-01 -1.66260341919e-01
2.81838293126e+07 1.59224402850e-01 -1.62918986049e-01
2.88403150313e+07 1.57655490700e-01 -1.59632645333e-01
2.95120922667e+07 1.56148900155e-01 -1.56401420171e-01
3.01995172040e+07 1.54702245702e-01 -1.53225330741e-01
3.09029543251e+07 1.53313205931e-01 -1.50104322138e-01
3.16227766017e+07 1.51979523830e-01 -1.47038269285e-01
3.23593656930e+07 1.50699006881e-01 -1.44026981643e-01
3.31131121483e+07 1.49469526971e-01 -1.41070207706e-01
3.38844156139e+07 1.48289020158e-01 -1.38167639289e-01
3.46736850453e+07 1.47155486287e-01 -1.35318915617e-01
3.54813389234e+07 1.46066988492e-01 -1.32523627218e-01
3.63078054770e+07 1.45021652594e-01 -1.29781319623e-01
3.71535229097e+07 1.44017666411e-01 -1.27091496887e-01
3.80189396321e+07 1.43053278984e-01 -1.24453624935e-01
3.89045144994e+07 1.42126799753e-01 -1.21867134738e-01
3.98107170553e+07 1.41236597671e-01 -1.19331425338e-01
4.07380277804e+07 1.40381100272e-01 -1.16845866718e-01
4.16869383470e+07 1.39558792715e-01 -1.14409802532e-01
4.26579518802e+07 1.38768216789e-01 -1.12022552706e-01
4.36515832240e+07 1.38007969895e-01 -1.09683415917e-01
4.46683592151e+07 1.37276704018e-01 -1.07391671948e-01
4.57088189615e+07 1.36573124673e-01 -1.05146583952e-01
4.67735141287e+07 1.35895989841e-01 -1.02947400598e-01
4.78630092323e+07 1.35244108900e-01 -1.00793358142e-01
4.89778819368e+07 1.34616341534e-01 -9.86836824008e-02
5.01187233627e+07 1.34011596639e-01 -9.66175906474e-02
5.12861383991e+07 1.33428831214e-01 -9.45942934351e-02
5.24807460250e+07 1.32867049239e-01 -9.26129963464e-02
5.37031796370e+07 1.32325300542e-01 -9.06729016759e-02
5.49540873858e+07 1.31802679644e-01 -8.87732100475e-02
5.62341325190e+07 1.31298324597e-01 -8.69131219687e-02
5.75439937337e+07 1.30811415788e-01 -8.50918393223e-02
5.88843655356e+07 1.30341174740e-01 -8.33085667964e-02
6.02559586074e+07 1.29886862874e-01 -8.15625132522e-02
6.16595001861e+07 1.29447780261e-01 -7.98528930286e-02
6.30957344480e+07 1.29023264345e-01 -7.81789271817e-02
6.45654229035e+07 1.28612688642e-01 -7.65398446588e-02
6.60693448008e+07 1.28215461420e-01 -7.49348834026e-02
6.76082975392e+07 1.27831024354e-01 -7.33632913849e-02
6.91830970919e+07 1.27458851166e-01 -7.18243275669e-02
7.07945784384e+07 1.27098446240e-01 -7.03172627827e-02
7.24435960075e+07 1.26749343235e-01 -6.88413805452e-02
7.41310241301e+07 1.26411103674e-01 -6.73959777712e-02
7.58577575029e+07 1.26083315540e-01 -6.59803654248e-02
7.76247116629e+07 1.25765591861e-01 -6.45938690769e-02
7.94328234724e+07 1.25457569304e-01 -6.32358293809e-02
8.12830516164e+07 1.25158906777e-01 -6.19056024648e-02
8.31763771103e+07 1.24869284046e-01 -6.06025602384e-02
8.51138038202e+07 1.24588400372e-01 -5.93260906190e-02
8.70963589956e+07 1.24315973172e-01 -5.80755976761e-02
8.91250938134e+07 1.24051736718e-01 -5.68505016971e-02
9.12010839356e+07 1.23795440864e-01 -5.56502391795e-02
9.33254300797e+07 1.23546849825e-01 -5.44742627500e-02
9.54992586021e+07 1.23305740991e-01 -5.33220410172e-02
9.77237220956e+07 1.23071903804e-01 -5.21930583622e-02
1.00000000000e+08 1.22845138680e-01 -5.10868146714e-02
1.02329299228e+08 1.22625255990e-01 -5.00028250174e-02
1.04712854805e+08 1.22412075104e-01 -4.89406192943e-02
1.07151930524e+08 1.22205423495e-01 -4.78997418124e-02
1.09647819614e+08 1.22005135904e-01 -4.68797508585e-02
1.12201845430e+08 1.21811053569e-01 -4.58802182280e-02
1.14815362150e+08 1.21623023517e-01 -4.49007287340e-02
1.17489755494e+08 1.21440897922e-01 -4.39408796998e-02
1.20226443462e+08 1.21264533515e-01 -4.30002804394e-02
1.23026877081e+08 1.21093791067e-01 -4.20785517317e-02
1.25892541179e+08 1.20928534915e-01 -4.11753252930e-02
1.28824955169e+08 1.20768632557e-01 -4.02902432518e-02
1.31825673856e+08 1.20613954286e-01 -3.94229576308e-02
1.34896288259e+08 1.20464372886e-01 -3.85731298383e-02
1.38038426460e+08 1.20319763363e-01 -3.77404301737e-02
1.41253754462e+08 1.20180002727e-01 -3.69245373489e-02
1.44543977075e+08 1.20044969807e-01 -3.61251380268e-02
1.47910838817e+08 1.19914545107e-01 -3.53419263820e-02
1.51356124844e+08 1.19788610690e-01 -3.45746036811e-02
1.54881661891e+08 1.19667050095e-01 -3.38228778866e-02
1.58489319246e+08 1.19549748274e-01 -3.30864632842e-02
1.62181009736e+08 1.19436591555e-01 -3.23650801330e-02
1.65958690744e+08 1.19327467628e-01 -3.16584543405e-02
1.69824365246e+08 1.19222265539e-01 -3.09663171609e-02
1.73780082875e+08 1.19120875701e-01 -3.02884049158e-02
1.77827941004e+08 1.19023189923e-01 -2.96244587392e-02
1.81970085861e+08 1.18929101434e-01 -2.89742243427e-02
1.86208713666e+08 1.18838504929e-01 -2.83374518029e-02
1.90546071796e+08 1.18751296608e-01 -2.77138953683e-02
1.94984459976e+08 1.18667374227e-01 -2.71033132849e-02
1.99526231497e+08 1.18586637139e-01 -2.65054676400e-02
2.04173794467e+08 1.18508986354e-01 -2.59201242222e-02
2.08929613085e+08 1.18434324578e-01 -2.53470523969e-02
2.13796208950e+08 1.18362556263e-01 -2.47860249958e-02
2.18776162395e+08 1.18293587652e-01 -2.42368182196e-02
2.23872113857e+08 1.18227326820e-01 -2.36992115519e-02
2.29086765277e+08 1.18163683711e-01 -2.31729876846e-02
2.34422881532e+08 1.18102570170e-01 -2.26579324518e-02
2.39883291902e+08 1.18043899973e-01 -2.21538347730e-02
2.45470891568e+08 1.17987588854e-01 -2.16604866034e-02
2.51188643151e+08 1.17933554523e-01 -2.11776828909e-02
2.57039578277e+08 1.17881716681e-01 -2.07052215389e-02
2.63026799190e+08 1.17831997030e-01 -2.02429033735e-02
2.69153480393e+08 1.17784319284e-01 -1.97905321156e-02
2.75422870334e+08 1.17738609166e-01 -1.93479143563e-02
2.81838293126e+08 1.17694794406e-01 -1.89148595348e-02
2.88403150313e+08 1.17652804740e-01 -1.84911799189e-02
2.95120922667e+08 1.17612571893e-01 -1.80766905875e-02
3.01995172040e+08 1.17574029571e-01 -1.76712094145e-02
3.09029543251e+08 1.17537113440e-01 -1.72745570535e-02
3.16227766017e+08 1.17501761109e-01 -1.68865569233e-02
3.23593656930e+08 1.17467912106e-01 -1.65070351937e-02
3.31131121483e+08 1.17435507851e-01 -1.61358207720e-02
3.38844156139e+08 1.17404491634e-01 -1.57727452883e-02
3.46736850453e+08 1.17374808578e-01 -1.54176430822e-02
3.54813389234e+08 1.17346405613e-01 -1.50703511872e-02
3.63078054770e+08 1.17319231440e-01 -1.47307093162e-02
3.71535229097e+08 1.17293236498e-01 -1.43985598455e-02
3.80189396321e+08 1.17268372928e-01 -1.40737477985e-02
3.89045144994e+08 1.17244594537e-01 -1.37561208282e-02
3.98107170553e+08 1.17221856758e-01 -1.34455291997e-02
4.07380277804e+08 1.17200116615e-01 -1.31418257711e-02
4.16869383470e+08 1.17179332684e-01 -1.28448659743e-02
4.26579518802e+08 1.17159465050e-01 -1.25545077942e-02
4.36515832240e+08 1.17140475274e-01 -1.22706117477e-02
4.46683592151e+08 1.17122326349e-01 -1.19930408619e-02
4.57088189615e+08 1.17104982662e-01 -1.17216606513e-02
4.67735141287e+08 1.17088409955e-01 -1.14563390939e-02
4.78630092323e+08 1.17072575285e-01 -1.11969466075e-02
4.89778819368e+08 1.17057446986e-01 -1.09433560249e-02
5.01187233627e+08 1.17042994632e-01 -1.06954425675e-02
5.12861383991e+08 1.17029188992e-01 -1.04530838200e-02
5.24807460250e+08 1.17016002002e-01 -1.02161597032e-02
5.37031796370e+08 1.17003406720e-01 -9.98455244696e-03
5.49540873858e+08 1.16991377292e-01 -9.75814656185e-03
5.62341325190e+08 1.16979888917e-01 -9.53682881134e-03
5.75439937337e+08 1.16968917807e-01 -9.32048818278e-03
5.88843655356e+08 1.16958441160e-01 -9.10901585833e-03
6.02559586074e+08 1.16948437115e-01 -8.90230518536e-03
6.16595001861e+08 1.16938884730e-01 -8.70025164665e-03
6.30957344480e+08 1.16929763940e-01 -8.50275283015e-03
6.45654229035e+08 1.16921055527e-01 -8.30970839864e-03
6.60693448008e+08 1.16912741094e-01 -8.12102005902e-03
6.76082975392e+08 1.16904803026e-01 -7.93659153151e-03
6.91830970919e+08 1.16897224468e-01 -7.75632851866e-03
7.07945784384e+08 1.16889989290e-01 -7.58013867423e-03
7.24435960075e+08 1.16883082061e-01 -7.40793157199e-03
7.41310241301e+08 1.16876488024e-01 -7.23961867451e-03
7.58577575029e+08 1.16870193066e-01 -7.07511330184e-03
7.76247116629e+08 1.16864183691e-01 -6.91433060028e-03
7.94328234724e+08 1.16858447001e-01 -6.75718751113e-03
8.12830516164e+08 1.16852970665e-01 -6.60360273957e-03
8.31763771103e+08 1.16847742900e-01 -6.45349672358e-03
8.51138038202e+08 1.16842752445e-01 -6.30679160304e-03
8.70963589956e+08 1.16837988544e-01 -6.16341118889e-03
8.91250938134e+08 1.16833440919e-01 -6.02328093258e-03
9.12010839356e+08 1.16829099753e-01 -5.88632789564e-03
9.33254300797e+08 1.16824955670e-01 -5.75248071951e-03
9.54992586021e+08 1.16820999717e-01 -5.62166959557e-03
9.77237220956e+08 1.16817223342e-01 -5.49382623550e-03
1.00000000000e+09 1.16813618380e-01 -5.36888384185e-03
1.02329299228e+09 1.16810177035e-01 -5.24677707897e-03
1.04712854805e+09 1.16806891866e-01 -5.12744204421e-03
1.07151930524e+09 1.16803755766e-01 -5.01081623946e-03
1.09647819614e+09 1.16800761953e-01 -4.89683854306e-03
1.12201845430e+09 1.16797903952e-01 -4.78544918203e-03
1.14815362150e+09 1.16795175582e-01 -4.67658970470e-03
1.17489755494e+09 1.16792570945e-01 -4.57020295363e-03
1.20226443462e+09 1.16790084409e-01 -4.46623303908e-03
1.23026877081e+09 1.16787710600e-01 -4.36462531268e-03
1.25892541179e+09 1.16785444390e-01 -4.26532634163e-03
1.28824955169e+09 1.16783280883e-01 -4.16828388325e-03
1.31825673856e+09 1.16781215407e-01 -4.07344685994e-03
1.34896288259e+09 1.16779243503e-01 -3.98076533458e-03
1.38038426460e+09 1.16777360916e-01 -3.89019048626e-03
1.41253754462e+09 1.16775563586e-01 -3.80167458656e-03
1.44543977075e+09 1.16773847635e-01 -3.71517097611e-03
1.47910838817e+09 1.16772209366e-01 -3.63063404164e-03
1.51356124844e+09 1.16770645249e-01 -3.54801919342e-03
1.54881661891e+09 1.16769151914e-01 -3.46728284314e-03
1.58489319246e+09 1.16767726147e-01 -3.38838238216e-03
1.62181009736e+09 1.16766364879e-01 -3.31127616022e-03
1.65958690744e+09 1.16765065183e-01 -3.23592346449e-03
1.69824365246e+09 1.16763824262e-01 -3.16228449908e-03
1.73780082875e+09 1.16762639451e-01 -3.09032036498e-03
1.77827941004e+09 1.16761508203e-01 -3.01999304024e-03
1.81970085861e+09 1.16760428089e-01 -2.95126536079e-03
1.86208713666e+09 1.16759396789e-01 -2.88410100139e-03
1.90546071796e+09 1.16758412092e-01 -2.81846445717e-03
1.94984459976e+09 1.16757471884e-01 -2.75432102539e-03
1.99526231497e+09 1.16756574150e-01 -2.69163678771e-03
2.04173794467e+09 1.16755716965e-01 -2.63037859273e-03
2.08929613085e+09 1.16754898492e-01 -2.57051403894e-03
2.13796208950e+09 1.16754116979e-01 -2.51201145798e-03
2.18776162395e+09 1.16753370751e-01 -2.45483989834e-03
2.23872113857e+09 1.16752658212e-01 -2.39896910930e-03
2.29086765277e+09 1.16751977836e-01 -2.34436952531e-03
2.34422881532e+09 1.16751328169e-01 -2.29101225059e-03
2.39883291902e+09 1.16750707821e-01 -2.23886904419e-03
2.45470891568e+09 1.16750115466e-01 -2.18791230529e-03
2.51188643151e+09 1.16749549838e-01 -2.13811505878e-03
2.57039578277e+09 1.16749009729e-01 -2.08945094129e-03
2.63026799190e+09 1.16748493985e-01 -2.04189418738e-03
2.69153480393e+09 1.16748001504e-01 -1.99541961610e-03
2.75422870334e+09 1.16747531235e-01 -1.95000261787e-03
2.81838293126e+09 1.16747082175e-01 -1.90561914154e-03
2.88403150313e+09 1.16746653365e-01 -1.86224568188e-03
2.95120922667e+09 1.16746243891e-01 -1.81985926723e-03
3.01995172040e+09 1.16745852879e-01 -1.77843744745e-03
3.09029543251e+09 1.16745479496e-01 -1.73795828219e-03
3.16227766017e+09 1.16745122945e-01 -1.69840032935e-03
3.23593656930e+09 1.16744782468e-01 -1.65974263381e-03
3.31131121483e+09 1.16744457337e-01 -1.62196471647e-03
3.38844156139e+09 1.16744146861e-01 -1.58504656344e-03
3.46736850453e+09 1.16743850377e-01 -1.54896861554e-03
3.54813389234e+09 1.16743567256e-01 -1.51371175801e-03
3.63078054770e+09 1.16743296893e-01 -1.47925731046e-03
3.71535229097e+09 1.16743038713e-01 -1.44558701700e-03
3.80189396321e+09 1.16742792167e-01 -1.41268303669e-03
3.89045144994e+09 1.16742556729e-01 -1.38052793407e-03
3.98107170553e+09 1.16742331899e-01 -1.34910467001e-03
4.07380277804e+09 1.16742117199e-01 -1.31839659275e-03
4.16869383470e+09 1.16741912171e-01 -1.28838742907e-03
4.26579518802e+09 1.16741716379e-01 -1.25906127572e-03
4.36515832240e+09 1.16741529407e-01 -1.23040259106e-03
4.46683592151e+09 1.16741350858e-01 -1.20239618682e-03
4.57088189615e+09 1.16741180351e-01 -1.17502722013e-03
4.67735141287e+09 1.16741017524e-01 -1.14828118561e-03
4.78630092323e+09 1.16740862031e-01 -1.12214390779e-03
4.89778819368e+09 1.16740713542e-01 -1.09660153357e-03
5.01187233627e+09 1.16740571740e-01 -1.07164052491e-03
5.12861383991e+09 1.16740436324e-01 -1.04724765170e-03
5.24807460250e+09 1.16740307007e-01 -1.02340998475e-03
5.37031796370e+09 1.16740183514e-01 -1.00011488896e-03
5.49540873858e+09 1.16740065581e-01 -9.77350016625e-04
5.62341325190e+09 1.16739952960e-01 -9.55103300940e-04
5.75439937337e+09 1.16739845410e-01 -9.33362949590e-04
5.88843655356e+09 1.16739742703e-01 -9.12117438530e-04
6.02559586074e+09 1.16739644621e-01 -8.91355505879e-04
6.16595001861e+09 1.16739550955e-01 -8.71066145970e-04
6.30957344480e+09 1.16739461507e-01 -8.51238603524e-04
6.45654229035e+09 1.16739376086e-01 -8.31862367963e-04
6.60693448008e+09 1.16739294511e-01 -8.12927167842e-04
6.76082975392e+09 1.16739216609e-01 -7.94422965420e-04
6.91830970919e+09 1.16739142215e-01 -7.76339951343e-04
7.07945784384e+09 1.16739071170e-01 -7.58668539455e-04
7.24435960075e+09 1.16739003324e-01 -7.41399361721e-04
7.41310241301e+09 1.16738938532e-01 -7.24523263270e-04
7.58577575029e+09 1.16738876657e-01 -7.08031297547e-04
7.76247116629e+09 1.16738817568e-01 -6.91914721576e-04
7.94328234724e+09 1.16738761139e-01 -6.76164991331e-04
8.12830516164e+09 1.16738707250e-01 -6.60773757213e-04
8.31763771103e+09 1.16738655788e-01 -6.45732859626e-04
8.51138038202e+09 1.16738606642e-01 -6.31034324657e-04
8.70963589956e+09 1.16738559708e-01 -6.16670359854e-04
8.91250938134e+09 1.16738514888e-01 -6.02633350096e-04
9.12010839356e+09 1.16738472085e-01 -5.88915853564e-04
9.33254300797e+09 1.16738431209e-01 -5.75510597792e-04
9.54992586021e+09 1.16738392173e-01 -5.62410475822e-04
9.77237220956e+09 1.16738354894e-01 -5.49608542435e-04
1.00000000000e+10 1.16738319294e-01 -5.37098010472e-04
1.02329299228e+10 1.16738285295e-01 -5.24872247240e-04
1.04712854805e+10 1.16738252828e-01 -5.12924770995e-04
1.07151930524e+10 1.16738221822e-01 -5.01249247513e-04
1.09647819614e+10 1.16738192211e-01 -4.89839486727e-04
1.12201845430e+10 1.16738163934e-01 -4.78689439452e-04
1.14815362150e+10 1.16738136929e-01 -4.67793194178e-04
1.17489755494e+10 1.16738111140e-01 -4.57144973938e-04
1.20226443462e+10 1.16738086511e-01 -4.46739133247e-04
1.23026877081e+10 1.16738062992e-01 -4.36570155110e-04
1.25892541179e+10 1.16738040531e-01 -4.26632648097e-04
1.28824955169e+10 1.16738019081e-01 -4.16921343488e-04
1.31825673856e+10 1.16737998596e-01 -4.07431092480e-04
1.34896288259e+10 1.16737979034e-01 -3.98156863458e-04
1.38038426460e+10 1.16737960352e-01 -3.89093739329e-04
1.41253754462e+10 1.16737942511e-01 -3.80236914915e-04
1.44543977075e+10 1.16737925473e-01 -3.71581694406e-04
1.47910838817e+10 1.16737909202e-01 -3.63123488874e-04
1.51356124844e+10 1.16737893663e-01 -3.54857813836e-04
1.54881661891e+10 1.16737878824e-01 -3.46780286882e-04
1.58489319246e+10 1.16737864652e-01 -3.38886625349e-04
1.62181009736e+10 1.16737851119e-01 -3.31172644051e-04
1.65958690744e+10 1.16737838194e-01 -3.23634253065e-04
1.69824365246e+10 1.16737825852e-01 -3.16267455555e-04
1.73780082875e+10 1.16737814065e-01 -3.09068345661e-04
1.77827941004e+10 1.16737802808e-01 -3.02033106425e-04
1.81970085861e+10 1.16737792058e-01 -2.95158007768e-04
1.86208713666e+10 1.16737781792e-01 -2.88439404514e-04
1.90546071796e+10 1.16737771988e-01 -2.81873734456e-04
1.94984459976e+10 1.16737762625e-01 -2.75457516468e-04
1.99526231497e+10 1.16737753684e-01 -2.69187348660e-04
2.04173794467e+10 1.16737745145e-01 -2.63059906578e-04
2.08929613085e+10 1.16737736991e-01 -2.57071941434e-04
2.13796208950e+10 1.16737729203e-01 -2.51220278391e-04
2.18776162395e+10 1.16737721766e-01 -2.45501814876e-04
2.23872113857e+10 1.16737714664e-01 -2.39913518937e-04
2.29086765277e+10 1.16737707881e-01 -2.34452427634e-04
2.34422881532e+10 1.16737701404e-01 -2.29115645470e-04
2.39883291902e+10 1.16737695218e-01 -2.23900342856e-04
2.45470891568e+10 1.16737689311e-01 -2.18803754609e-04
2.51188643151e+10 1.16737683669e-01 -2.13823178488e-04
2.57039578277e+10 1.16737678282e-01 -2.08955973760e-04
2.63026799190e+10 1.16737673137e-01 -2.04199559801e-04
2.69153480393e+10 1.16737668223e-01 -1.99551414729e-04
2.75422870334e+10 1.16737663531e-01 -1.95009074062e-04
2.81838293126e+10 1.16737659050e-01 -1.90570129420e-04
2.88403150313e+10 1.16737654770e-01 -1.86232227238e-04
2.95120922667e+10 1.16737650683e-01 -1.81993067527e-04
3.01995172040e+10 1.16737646780e-01 -1.77850402649e-04
3.09029543251e+10 1.16737643053e-01 -1.73802036130e-04
3.16227766017e+10 1.16737639494e-01 -1.69845821489e-04
3.23593656930e+10 1.16737636094e-01 -1.65979661108e-04
3.31131121483e+10 1.16737632848e-01 -1.62201505112e-04
3.38844156139e+10 1.16737629748e-01 -1.58509350289e-04
3.46736850453e+10 1.16737626787e-01 -1.54901239024e-04
3.54813389234e+10 1.16737623960e-01 -1.51375258262e-04
3.63078054770e+10 1.16737621260e-01 -1.47929538493e-04
3.71535229097e+10 1.16737618681e-01 -1.44562252762e-04
3.80189396321e+10 1.16737616218e-01 -1.41271615700e-04
3.89045144994e+10 1.16737613867e-01 -1.38055882580e-04
3.98107170553e+10 1.16737611621e-01 -1.34913348384e-04
4.07380277804e+10 1.16737609476e-01 -1.31842346910e-04
4.16869383470e+10 1.16737607428e-01 -1.28841249880e-04
4.26579518802e+10 1.16737605472e-01 -1.25908466079e-04
4.36515832240e+10 1.16737603604e-01 -1.23042440514e-04
4.46683592151e+10 1.16737601820e-01 -1.20241653587e-04
4.57088189615e+10 1.16737600116e-01 -1.17504620290e-04
4.67735141287e+10 1.16737598489e-01 -1.14829889418e-04
4.78630092323e+10 1.16737596935e-01 -1.12216042797e-04
4.89778819368e+10 1.16737595451e-01 -1.09661694538e-04
5.01187233627e+10 1.16737594034e-01 -1.07165490295e-04
5.12861383991e+10 1.16737592681e-01 -1.04726106552e-04
5.24807460250e+10 1.16737591389e-01 -1.02342249920e-04
5.37031796370e+10 1.16737590155e-01 -1.00012656451e-04
5.49540873858e+10 1.16737588976e-01 -9.77360909656e-05
5.62341325190e+10 1.16737587850e-01 -9.55113464032e-05
5.75439937337e+10 1.16737586775e-01 -9.33372431777e-05
5.88843655356e+10 1.16737585749e-01 -9.12126285535e-05
6.02559586074e+10 1.16737584768e-01 -8.91363760346e-05
6.16595001861e+10 1.16737583832e-01 -8.71073847670e-05
6.30957344480e+10 1.16737582938e-01 -8.51245789549e-05
6.45654229035e+10 1.16737582084e-01 -8.31869072907e-05
6.60693448008e+10 1.16737581269e-01 -8.12933423972e-05
6.76082975392e+10 1.16737580490e-01 -7.94428802832e-05
6.91830970919e+10 1.16737579746e-01 -7.76345398109e-05
7.07945784384e+10 1.16737579036e-01 -7.58673621761e-05
7.24435960075e+10 1.16737578358e-01 -7.41404103991e-05
7.41310241301e+10 1.16737577710e-01 -7.24527688289e-05
7.58577575029e+10 1.16737577092e-01 -7.08035426568e-05
7.76247116629e+10 1.16737576501e-01 -6.91918574426e-05
7.94328234724e+10 1.16737575937e-01 -6.76168586506e-05
8.12830516164e+10 1.16737575398e-01 -6.60777111968e-05
8.31763771103e+10 1.16737574884e-01 -6.45735990057e-05
8.51138038202e+10 1.16737574392e-01 -6.31037245781e-05
8.70963589956e+10 1.16737573923e-01 -6.16673085681e-05
8.91250938134e+10 1.16737573475e-01 -6.02635893697e-05
9.12010839356e+10 1.16737573047e-01 -5.88918227132e-05
9.33254300797e+10 1.16737572638e-01 -5.75512812705e-05
9.54992586021e+10 1.16737572248e-01 -5.62412542694e-05
9.77237220956e+10 1.16737571875e-01 -5.49610471170e-05
1.00000000000e+11 1.16737571519e-01 -5.37099810309e-05
