# TEMPERATURE = 2.500000e+01
# FREQ WR(AV) WI(AV)
1.00000000000e+00 -3.31263268511e-01 5.35458715874e-04
1.02329299228e+00 -3.31263257533e-01 5.47931146724e-04
1.04712854805e+00 -3.31263246038e-01 5.60694097460e-04
1.07151930524e+00 -3.31263234001e-01 5.73754335135e-04
1.09647819614e+00 -3.31263221397e-01 5.87118784423e-04
1.12201845430e+00 -3.31263208198e-01 6.00794531296e-04
1.14815362150e+00 -3.31263194378e-01 6.14788826775e-04
1.17489755494e+00 -3.31263179906e-01 6.29109090777e-04
1.20226443462e+00 -3.31263164752e-01 6.43762916048e-04
1.23026877081e+00 -3.31263148884e-01 6.58758072192e-04
1.25892541179e+00 -3.31263132268e-01 6.74102509785e-04
1.28824955169e+00 -3.31263114869e-01 6.89804364593e-04
1.31825673856e+00 -3.31263096650e-01 7.05871961888e-04
1.34896288259e+00 -3.31263077573e-01 7.22313820855e-04
1.38038426460e+00 -3.31263057596e-01 7.39138659115e-04
1.41253754462e+00 -3.31263036678e-01 7.56355397346e-04
1.44543977075e+00 -3.31263014774e-01 7.73973164008e-04
1.47910838817e+00 -3.31262991837e-01 7.92001300188e-04
1.51356124844e+00 -3.31262967820e-01 8.10449364550e-04
1.54881661891e+00 -3.31262942671e-01 8.29327138402e-04
1.58489319246e+00 -3.31262916337e-01 8.48644630883e-04
1.62181009736e+00 -3.31262888761e-01 8.68412084269e-04
1.65958690744e+00 -3.31262859886e-01 8.88639979403e-04
1.69824365246e+00 -3.31262829650e-01 9.09339041252e-04
1.73780082875e+00 -3.31262797990e-01 9.30520244591e-04
1.77827941004e+00 -3.31262764837e-01 9.52194819825e-04
1.81970085861e+00 -3.31262730121e-01 9.74374258939e-04
1.86208713666e+00 -3.31262693769e-01 9.97070321592e-04
1.90546071796e+00 -3.31262655705e-01 1.02029504135e-03
1.94984459976e+00 -3.31262615846e-01 1.04406073207e-03
1.99526231497e+00 -3.31262574109e-01 1.06837999443e-03
2.04173794467e+00 -3.31262530405e-01 1.09326572258e-03
2.08929613085e+00 -3.31262484641e-01 1.11873111104e-03
2.13796208950e+00 -3.31262436720e-01 1.14478966161e-03
2.18776162395e+00 -3.31262386542e-01 1.17145519062e-03
2.23872113857e+00 -3.31262333997e-01 1.19874183617e-03
2.29086765277e+00 -3.31262278977e-01 1.22666406569e-03
2.34422881532e+00 -3.31262221364e-01 1.25523668356e-03
2.39883291902e+00 -3.31262161035e-01 1.28447483900e-03
2.45470891569e+00 -3.31262097864e-01 1.31439403407e-03
2.51188643151e+00 -3.31262031715e-01 1.34501013190e-03
2.57039578277e+00 -3.31261962449e-01 1.37633936509e-03
2.63026799190e+00 -3.31261889918e-01 1.40839834432e-03
2.69153480393e+00 -3.31261813969e-01 1.44120406718e-03
2.75422870334e+00 -3.31261734440e-01 1.47477392713e-03
2.81838293126e+00 -3.31261651164e-01 1.50912572275e-03
2.88403150313e+00 -3.31261563962e-01 1.54427766719e-03
2.95120922667e+00 -3.31261472652e-01 1.58024839777e-03
3.01995172040e+00 -3.31261377038e-01 1.61705698592e-03
3.09029543251e+00 -3.31261276918e-01 1.65472294725e-03
3.16227766017e+00 -3.31261172079e-01 1.69326625190e-03
3.23593656930e+00 -3.31261062299e-01 1.73270733514e-03
3.31131121483e+00 -3.31260947346e-01 1.77306710817e-03
3.38844156139e+00 -3.31260826975e-01 1.81436696925e-03
3.46736850453e+00 -3.31260700931e-01 1.85662881498e-03
3.54813389234e+00 -3.31260568947e-01 1.89987505197e-03
3.63078054770e+00 -3.31260430743e-01 1.94412860865e-03
3.71535229097e+00 -3.31260286025e-01 1.98941294748e-03
3.80189396321e+00 -3.31260134487e-01 2.03575207735e-03
3.89045144994e+00 -3.31259975808e-01 2.08317056628e-03
3.98107170553e+00 -3.31259809650e-01 2.13169355452e-03
4.07380277804e+00 -3.31259635662e-01 2.18134676776e-03
4.16869383470e+00 -3.31259453473e-01 2.23215653087e-03
4.26579518802e+00 -3.31259262699e-01 2.28414978178e-03
4.36515832240e+00 -3.31259062933e-01 2.33735408577e-03
4.46683592151e+00 -3.31258853753e-01 2.39179765008e-03
4.57088189615e+00 -3.31258634715e-01 2.44750933884e-03
4.67735141287e+00 -3.31258405354e-01 2.50451868841e-03
4.78630092323e+00 -3.31258165184e-01 2.56285592294e-03
4.89778819368e+00 -3.31257913694e-01 2.62255197047e-03
5.01187233627e+00 -3.31257650353e-01 2.68363847926e-03
5.12861383991e+00 -3.31257374600e-01 2.74614783458e-03
5.24807460250e+00 -3.31257085852e-01 2.81011317583e-03
5.37031796370e+00 -3.31256783496e-01 2.87556841416e-03
5.49540873858e+00 -3.31256466891e-01 2.94254825034e-03
5.62341325190e+00 -3.31256135364e-01 3.01108819321e-03
5.75439937337e+00 -3.31255788213e-01 3.08122457845e-03
5.88843655356e+00 -3.31255424702e-01 3.15299458783e-03
6.02559586074e+00 -3.31255044059e-01 3.22643626891e-03
6.16595001861e+00 -3.31254645478e-01 3.30158855516e-03
6.30957344480e+00 -3.31254228112e-01 3.37849128659e-03
6.45654229035e+00 -3.31253791076e-01 3.45718523084e-03
6.60693448008e+00 -3.31253333445e-01 3.53771210476e-03
6.76082975392e+00 -3.31252854245e-01 3.62011459649e-03
6.91830970919e+00 -3.31252352462e-01 3.70443638804e-03
7.07945784384e+00 -3.31251827032e-01 3.79072217846e-03
7.24435960075e+00 -3.31251276840e-01 3.87901770743e-03
7.41310241301e+00 -3.31250700717e-01 3.96936977950e-03
7.58577575029e+00 -3.31250097444e-01 4.06182628885e-03
7.76247116629e+00 -3.31249465740e-01 4.15643624461e-03
7.94328234724e+00 -3.31248804265e-01 4.25324979682e-03
8.12830516164e+00 -3.31248111617e-01 4.35231826292e-03
8.31763771103e+00 -3.31247386326e-01 4.45369415492e-03
8.51138038202e+00 -3.31246626854e-01 4.55743120715e-03
8.70963589956e+00 -3.31245831590e-01 4.66358440467e-03
8.91250938134e+00 -3.31244998848e-01 4.77221001237e-03
9.12010839356e+00 -3.31244126861e-01 4.88336560466e-03
9.33254300797e+00 -3.31243213780e-01 4.99711009594e-03
9.54992586021e+00 -3.31242257668e-01 5.11350377173e-03
9.77237220956e+00 -3.31241256498e-01 5.23260832052e-03
1.00000000000e+01 -3.31240208145e-01 5.35448686632e-03
1.02329299228e+01 -3.31239110387e-01 5.47920400207e-03
1.04712854805e+01 -3.31237960895e-01 5.60682582370e-03
1.07151930524e+01 -3.31236757232e-01 5.73741996505e-03
1.09647819614e+01 -3.31235496845e-01 5.87105563357e-03
1.12201845430e+01 -3.31234177060e-01 6.00780364684e-03
1.14815362150e+01 -3.31232795079e-01 6.14773646994e-03
1.17489755494e+01 -3.31231347970e-01 6.29092825367e-03
1.20226443462e+01 -3.31229832665e-01 6.43745487370e-03
1.23026877081e+01 -3.31228245949e-01 6.58739397051e-03
1.25892541179e+01 -3.31226584458e-01 6.74082499038e-03
1.28824955169e+01 -3.31224844669e-01 6.89782922722e-03
1.31825673856e+01 -3.31223022891e-01 7.05848986543e-03
1.34896288259e+01 -3.31221115260e-01 7.22289202368e-03
1.38038426460e+01 -3.31219117733e-01 7.39112279975e-03
1.41253754462e+01 -3.31217026072e-01 7.56327131636e-03
1.44543977075e+01 -3.31214835842e-01 7.73942876809e-03
1.47910838817e+01 -3.31212542397e-01 7.91968846931e-03
1.51356124844e+01 -3.31210140875e-01 8.10414590326e-03
1.54881661891e+01 -3.31207626183e-01 8.29289877227e-03
1.58489319246e+01 -3.31204992988e-01 8.48604704901e-03
1.62181009736e+01 -3.31202235706e-01 8.68369302906e-03
1.65958690744e+01 -3.31199348491e-01 8.88594138454e-03
1.69824365246e+01 -3.31196325220e-01 9.09289921912e-03
1.73780082875e+01 -3.31193159483e-01 9.30467612407e-03
1.77827941004e+01 -3.31189844566e-01 9.52138423577e-03
1.81970085861e+01 -3.31186373442e-01 9.74313829443e-03
1.86208713666e+01 -3.31182738749e-01 9.97005570413e-03
1.90546071796e+01 -3.31178932782e-01 1.02022565943e-02
1.94984459976e+01 -3.31174947470e-01 1.04398638825e-02
1.99526231497e+01 -3.31170774364e-01 1.06830033386e-02
2.04173794467e+01 -3.31166404616e-01 1.09318036505e-02
2.08929613085e+01 -3.31161828960e-01 1.11863964913e-02
2.13796208950e+01 -3.31157037698e-01 1.14469165880e-02
2.18776162395e+01 -3.31152020670e-01 1.17135017915e-02
2.23872113857e+01 -3.31146767241e-01 1.19862931484e-02
2.29086765277e+01 -3.31141266273e-01 1.22654349745e-02
2.34422881532e+01 -3.31135506106e-01 1.25510749298e-02
2.39883291902e+01 -3.31129474528e-01 1.28433640949e-02
2.45470891569e+01 -3.31123158752e-01 1.31424570494e-02
2.51188643151e+01 -3.31116545395e-01 1.34485119523e-02
2.57039578277e+01 -3.31109620434e-01 1.37616906235e-02
2.63026799190e+01 -3.31102369195e-01 1.40821586273e-02
2.69153480393e+01 -3.31094776306e-01 1.44100853585e-02
2.75422870334e+01 -3.31086825676e-01 1.47456441291e-02
2.81838293126e+01 -3.31078500453e-01 1.50890122575e-02
2.88403150313e+01 -3.31069782997e-01 1.54403711604e-02
2.95120922667e+01 -3.31060654832e-01 1.57999064450e-02
3.01995172040e+01 -3.31051096614e-01 1.61678080048e-02
3.09029543251e+01 -3.31041088090e-01 1.65442701164e-02
3.16227766017e+01 -3.31030608054e-01 1.69294915391e-02
3.23593656930e+01 -3.31019634300e-01 1.73236756158e-02
3.31131121483e+01 -3.31008143578e-01 1.77270303768e-02
3.38844156139e+01 -3.30996111546e-01 1.81397686453e-02
3.46736850453e+01 -3.30983512713e-01 1.85621081457e-02
3.54813389234e+01 -3.30970320392e-01 1.89942716131e-02
3.63078054770e+01 -3.30956506638e-01 1.94364869060e-02
3.71535229097e+01 -3.30942042195e-01 1.98889871213e-02
3.80189396321e+01 -3.30926896429e-01 2.03520107108e-02
3.89045144994e+01 -3.30911037263e-01 2.08258016012e-02
3.98107170553e+01 -3.30894431115e-01 2.13106093153e-02
4.07380277804e+01 -3.30877042825e-01 2.18066890969e-02
4.16869383470e+01 -3.30858835576e-01 2.23143020371e-02
4.26579518802e+01 -3.30839770823e-01 2.28337152038e-02
4.36515832240e+01 -3.30819808208e-01 2.33652017731e-02
4.46683592151e+01 -3.30798905479e-01 2.39090411638e-02
4.57088189615e+01 -3.30777018396e-01 2.44655191744e-02
4.67735141287e+01 -3.30754100639e-01 2.50349281217e-02
4.78630092323e+01 -3.30730103717e-01 2.56175669839e-02
4.89778819368e+01 -3.30704976857e-01 2.62137415443e-02
5.01187233627e+01 -3.30678666904e-01 2.68237645388e-02
5.12861383991e+01 -3.30651118207e-01 2.74479558058e-02
5.24807460250e+01 -3.30622272502e-01 2.80866424387e-02
5.37031796370e+01 -3.30592068789e-01 2.87401589407e-02
5.49540873858e+01 -3.30560443207e-01 2.94088473826e-02
5.62341325190e+01 -3.30527328900e-01 3.00930575634e-02
5.75439937337e+01 -3.30492655874e-01 3.07931471728e-02
5.88843655356e+01 -3.30456350852e-01 3.15094819569e-02
6.02559586074e+01 -3.30418337122e-01 3.22424358864e-02
6.16595001861e+01 -3.30378534377e-01 3.29923913267e-02
6.30957344480e+01 -3.30336858547e-01 3.37597392114e-02
6.45654229035e+01 -3.30293221620e-01 3.45448792177e-02
6.60693448008e+01 -3.30247531466e-01 3.53482199441e-02
6.76082975392e+01 -3.30199691637e-01 3.61701790905e-02
6.91830970919e+01 -3.30149601173e-01 3.70111836411e-02
7.07945784384e+01 -3.30097154389e-01 3.78716700483e-02
7.24435960075e+01 -3.30042240657e-01 3.87520844198e-02
7.41310241301e+01 -3.29984744174e-01 3.96528827069e-02
7.58577575029e+01 -3.29924543725e-01 4.05745308952e-02
7.76247116629e+01 -3.29861512430e-01 4.15175051960e-02
7.94328234724e+01 -3.29795517485e-01 4.24822922408e-02
8.12830516164e+01 -3.29726419883e-01 4.34693892754e-02
8.31763771103e+01 -3.29654074132e-01 4.44793043565e-02
8.51138038202e+01 -3.29578327951e-01 4.55125565484e-02
8.70963589956e+01 -3.29499021962e-01 4.65696761215e-02
8.91250938134e+01 -3.29415989360e-01 4.76512047496e-02
9.12010839356e+01 -3.29329055568e-01 4.87576957089e-02
9.33254300797e+01 -3.29238037887e-01 4.98897140766e-02
9.54992586021e+01 -3.29142745115e-01 5.10478369280e-02
9.77237220956e+01 -3.29042977164e-01 5.22326535346e-02
1.00000000000e+02 -3.28938524650e-01 5.34447655593e-02
1.02329299228e+02 -3.28829168464e-01 5.46847872508e-02
1.04712854805e+02 -3.28714679333e-01 5.59533456360e-02
1.07151930524e+02 -3.28594817354e-01 5.72510807097e-02
1.09647819614e+02 -3.28469331511e-01 5.85786456206e-02
1.12201845430e+02 -3.28337959168e-01 5.99367068545e-02
1.14815362150e+02 -3.28200425544e-01 6.13259444124e-02
1.17489755494e+02 -3.28056443159e-01 6.27470519835e-02
1.20226443462e+02 -3.27905711265e-01 6.42007371133e-02
1.23026877081e+02 -3.27747915241e-01 6.56877213639e-02
1.25892541179e+02 -3.27582725972e-01 6.72087404670e-02
1.28824955169e+02 -3.27409799202e-01 6.87645444697e-02
1.31825673856e+02 -3.27228774843e-01 7.03558978689e-02
1.34896288259e+02 -3.27039276280e-01 7.19835797363e-02
1.38038426460e+02 -3.26840909626e-01 7.36483838320e-02
1.41253754462e+02 -3.26633262956e-01 7.53511187039e-02
1.44543977075e+02 -3.26415905510e-01 7.70926077739e-02
1.47910838817e+02 -3.26188386853e-01 7.88736894078e-02
1.51356124844e+02 -3.25950236014e-01 8.06952169677e-02
1.54881661891e+02 -3.25700960583e-01 8.25580588459e-02
1.58489319246e+02 -3.25440045769e-01 8.44630984777e-02
1.62181009736e+02 -3.25166953426e-01 8.64112343312e-02
1.65958690744e+02 -3.24881121040e-01 8.84033798734e-02
1.69824365246e+02 -3.24581960672e-01 9.04404635082e-02
1.73780082875e+02 -3.24268857864e-01 9.25234284859e-02
1.77827941004e+02 -3.23941170502e-01 9.46532327808e-02
1.81970085861e+02 -3.23598227634e-01 9.68308489344e-02
1.86208713666e+02 -3.23239328247e-01 9.90572638614e-02
1.90546071796e+02 -3.22863739997e-01 1.01333478616e-01
1.94984459976e+02 -3.22470697896e-01 1.03660508114e-01
1.99526231497e+02 -3.22059402946e-01 1.06039380808e-01
2.04173794467e+02 -3.21629020729e-01 1.08471138316e-01
2.08929613085e+02 -3.21178679947e-01 1.10956834988e-01
2.13796208950e+02 -3.20707470918e-01 1.13497537423e-01
2.18776162395e+02 -3.20214444016e-01 1.16094323916e-01
2.23872113857e+02 -3.19698608057e-01 1.18748283846e-01
2.29086765277e+02 -3.19158928645e-01 1.21460516983e-01
2.34422881532e+02 -3.18594326465e-01 1.24232132726e-01
2.39883291902e+02 -3.18003675515e-01 1.27064249252e-01
2.45470891569e+02 -3.17385801300e-01 1.29957992584e-01
2.51188643151e+02 -3.16739478969e-01 1.32914495558e-01
2.57039578277e+02 -3.16063431406e-01 1.35934896697e-01
2.63026799190e+02 -3.15356327275e-01 1.39020338970e-01
2.69153480393e+02 -3.14616779007e-01 1.42171968443e-01
2.75422870334e+02 -3.13843340760e-01 1.45390932812e-01
2.81838293126e+02 -3.13034506320e-01 1.48678379798e-01
2.88403150313e+02 -3.12188706973e-01 1.52035455412e-01
2.95120922667e+02 -3.11304309333e-01 1.55463302078e-01
3.01995172040e+02 -3.10379613140e-01 1.58963056597e-01
3.09029543251e+02 -3.09412849029e-01 1.62535847951e-01
3.16227766017e+02 -3.08402176272e-01 1.66182794939e-01
3.23593656930e+02 -3.07345680507e-01 1.69905003628e-01
3.31131121483e+02 -3.06241371446e-01 1.73703564616e-01
3.38844156139e+02 -3.05087180585e-01 1.77579550095e-01
3.46736850453e+02 -3.03880958917e-01 1.81534010706e-01
3.54813389234e+02 -3.02620474649e-01 1.85567972165e-01
3.63078054770e+02 -3.01303410951e-01 1.89682431663e-01
3.71535229097e+02 -2.99927363730e-01 1.93878354029e-01
3.80189396321e+02 -2.98489839455e-01 1.98156667630e-01
3.89045144994e+02 -2.96988253040e-01 2.02518260012e-01
3.98107170553e+02 -2.95419925794e-01 2.06963973269e-01
4.07380277804e+02 -2.93782083473e-01 2.11494599122e-01
4.16869383470e+02 -2.92071854432e-01 2.16110873707e-01
4.26579518802e+02 -2.90286267909e-01 2.20813472061e-01
4.36515832240e+02 -2.88422252458e-01 2.25603002285e-01
4.46683592151e+02 -2.86476634549e-01 2.30479999390e-01
4.57088189615e+02 -2.84446137374e-01 2.35444918818e-01
4.67735141287e+02 -2.82327379868e-01 2.40498129614e-01
4.78630092323e+02 -2.80116875991e-01 2.45639907264e-01
4.89778819368e+02 -2.77811034285e-01 2.50870426181e-01
5.01187233627e+02 -2.75406157757e-01 2.56189751847e-01
5.12861383991e+02 -2.72898444102e-01 2.61597832597e-01
5.24807460250e+02 -2.70283986324e-01 2.67094491057e-01
5.37031796370e+02 -2.67558773778e-01 2.72679415239e-01
5.49540873858e+02 -2.64718693687e-01 2.78352149295e-01
5.62341325190e+02 -2.61759533159e-01 2.84112083938e-01
5.75439937337e+02 -2.58676981781e-01 2.89958446553e-01
5.88843655356e+02 -2.55466634790e-01 2.95890291002e-01
6.02559586074e+02 -2.52123996920e-01 3.01906487154e-01
6.16595001861e+02 -2.48644486940e-01 3.08005710161e-01
6.30957344480e+02 -2.45023442939e-01 3.14186429509e-01
6.45654229035e+02 -2.41256128430e-01 3.20446897884e-01
6.60693448008e+02 -2.37337739296e-01 3.26785139888e-01
6.76082975392e+02 -2.33263411652e-01 3.33198940662e-01
6.91830970919e+02 -2.29028230663e-01 3.39685834457e-01
7.07945784384e+02 -2.24627240376e-01 3.46243093234e-01
7.24435960075e+02 -2.20055454604e-01 3.52867715335e-01
7.41310241301e+02 -2.15307868918e-01 3.59556414323e-01
7.58577575029e+02 -2.10379473786e-01 3.66305608067e-01
7.76247116629e+02 -2.05265268888e-01 3.73111408158e-01
7.94328234724e+02 -1.99960278662e-01 3.79969609764e-01
8.12830516164e+02 -1.94459569084e-01 3.86875682028e-01
8.31763771103e+02 -1.88758265708e-01 3.93824759126e-01
8.51138038202e+02 -1.82851572990e-01 4.00811632101e-01
8.70963589956e+02 -1.76734794875e-01 4.07830741618e-01
8.91250938134e+02 -1.70403356651e-01 4.14876171764e-01
9.12010839356e+02 -1.63852828044e-01 4.21941645039e-01
9.33254300797e+02 -1.57078947512e-01 4.29020518703e-01
9.54992586021e+02 -1.50077647687e-01 4.36105782598e-01
9.77237220956e+02 -1.42845081908e-01 4.43190058640e-01
1.00000000000e+03 -1.35377651736e-01 4.50265602104e-01
1.02329299228e+03 -1.27672035370e-01 4.57324304888e-01
1.04712854805e+03 -1.19725216822e-01 4.64357700881e-01
1.07151930524e+03 -1.11534515718e-01 4.71356973611e-01
1.09647819614e+03 -1.03097617548e-01 4.78312966294e-01
1.12201845430e+03 -9.44126041939e-02 4.85216194428e-01
1.14815362150e+03 -8.54779845086e-02 4.92056861055e-01
1.17489755494e+03 -7.62927247330e-02 4.98824874778e-01
1.20226443462e+03 -6.68562784955e-02 5.05509870637e-01
1.23026877081e+03 -5.71686161282e-02 5.12101233902e-01
1.25892541179e+03 -4.72302530162e-02 5.18588126816e-01
1.28824955169e+03 -3.70422766803e-02 5.24959518305e-01
1.31825673856e+03 -2.66063722814e-02 5.31204216641e-01
1.34896288259e+03 -1.59248462304e-02 5.37310904985e-01
1.38038426460e+03 -5.00064757380e-03 5.43268179755e-01
1.41253754462e+03 6.16261317362e-03 5.49064591653e-01
1.44543977075e+03 1.75606480640e-02 5.54688689214e-01
1.47910838817e+03 2.91884789445e-02 5.60129064669e-01
1.51356124844e+03 4.10404281760e-02 5.65374401853e-01
1.54881661891e+03 5.31101131244e-02 5.70413525898e-01
1.58489319246e+03 6.53904446887e-02 5.75235454370e-01
1.62181009736e+03 7.78736300871e-02 5.79829449495e-01
1.65958690744e+03 9.05511801024e-02 5.84185071064e-01
1.69824365246e+03 1.03413920934e-01 5.88292229611e-01
1.73780082875e+03 1.16452010767e-01 5.92141239390e-01
1.77827941004e+03 1.29654961116e-01 5.95722870686e-01
1.81970085861e+03 1.43011662941e-01 5.99028400972e-01
1.86208713666e+03 1.56510417498e-01 6.02049664412e-01
1.90546071796e+03 1.70138971794e-01 6.04779099210e-01
1.94984459976e+03 1.83884558496e-01 6.07209792323e-01
1.99526231497e+03 1.97733940053e-01 6.09335521045e-01
2.04173794467e+03 2.11673456751e-01 6.11150791033e-01
2.08929613085e+03 2.25689078356e-01 6.12650870314e-01
2.13796208950e+03 2.39766458955e-01 6.13831818934e-01
2.18776162395e+03 2.53890994556e-01 6.14690513856e-01
2.23872113857e+03 2.68047882966e-01 6.15224668860e-01
2.29086765277e+03 2.82222185430e-01 6.15432849182e-01
2.34422881532e+03 2.96398889494e-01 6.15314480731e-01
2.39883291902e+03 3.10562972530e-01 6.14869853764e-01
2.45470891568e+03 3.24699465347e-01 6.14100120989e-01
2.51188643151e+03 3.38793515334e-01 6.13007290105e-01
2.57039578277e+03 3.52830448543e-01 6.11594210873e-01
2.63026799190e+03 3.66795830192e-01 6.09864556877e-01
2.69153480393e+03 3.80675523045e-01 6.07822802186e-01
2.75422870334e+03 3.94455743184e-01 6.05474193185e-01
2.81838293126e+03 4.08123112720e-01 6.02824715915e-01
2.88403150313e+03 4.21664709038e-01 5.99881059288e-01
2.95120922667e+03 4.35068110203e-01 5.96650574583e-01
3.01995172040e+03 4.48321436248e-01 5.93141231682e-01
3.09029543251e+03 4.61413386072e-01 5.89361572501e-01
3.16227766017e+03 4.74333269778e-01 5.85320662124e-01
3.23593656930e+03 4.87071036309e-01 5.81028038110e-01
3.31131121483e+03 4.99617296322e-01 5.76493658498e-01
3.38844156139e+03 5.11963340277e-01 5.71727848980e-01
3.46736850453e+03 5.24101151787e-01 5.66741249741e-01
3.54813389234e+03 5.36023416322e-01 5.61544762406e-01
3.63078054770e+03 5.47723525404e-01 5.56149497554e-01
3.71535229097e+03 5.59195576466e-01 5.50566723182e-01
3.80189396321e+03 5.70434368616e-01 5.44807814515e-01
3.89045144994e+03 5.81435394520e-01 5.38884205484e-01
3.98107170553e+03 5.92194828725e-01 5.32807342181e-01
4.07380277804e+03 6.02709512674e-01 5.26588638536e-01
4.16869383470e+03 6.12976936756e-01 5.20239434465e-01
4.26579518802e+03 6.22995219704e-01 5.13770956628e-01
4.36515832240e+03 6.32763085657e-01 5.07194281968e-01
4.46683592151e+03 6.42279839226e-01 5.00520304116e-01
4.57088189615e+03 6.51545338885e-01 4.93759702726e-01
4.67735141287e+03 6.60559968989e-01 4.86922915782e-01
4.78630092323e+03 6.69324610738e-01 4.80020114858e-01
4.89778819368e+03 6.77840612365e-01 4.73061183311e-01
5.01187233627e+03 6.86109758824e-01 4.66055697353e-01
5.12861383991e+03 6.94134241237e-01 4.59012909912e-01
5.24807460250e+03 7.01916626327e-01 4.51941737198e-01
5.37031796370e+03 7.09459826058e-01 4.44850747841e-01
5.49540873858e+03 7.16767067670e-01 4.37748154494e-01
5.62341325190e+03 7.23841864288e-01 4.30641807736e-01
5.75439937337e+03 7.30687986247e-01 4.23539192156e-01
5.88843655356e+03 7.37309433281e-01 4.16447424443e-01
6.02559586074e+03 7.43710407662e-01 4.09373253330e-01
6.16595001861e+03 7.49895288401e-01 4.02323061253e-01
6.30957344480e+03 7.55868606584e-01 3.95302867540e-01
6.45654229035e+03 7.61635021884e-01 3.88318333001e-01
6.60693448008e+03 7.67199300313e-01 3.81374765750e-01
6.76082975392e+03 7.72566293222e-01 3.74477128133e-01
6.91830970919e+03 7.77740917577e-01 3.67630044603e-01
7.07945784384e+03 7.82728137510e-01 3.60837810421e-01
7.24435960075e+03 7.87532947131e-01 3.54104401053e-01
7.41310241301e+03 7.92160354601e-01 3.47433482151e-01
7.58577575029e+03 7.96615367415e-01 3.40828419994e-01
7.76247116629e+03 8.00902978902e-01 3.34292292306e-01
7.94328234724e+03 8.05028155861e-01 3.27827899340e-01
8.12830516164e+03 8.08995827333e-01 3.21437775148e-01
8.31763771103e+03 8.12810874439e-01 3.15124198964e-01
8.51138038202e+03 8.16478121238e-01 3.08889206622e-01
8.70963589956e+03 8.20002326571e-01 3.02734601948e-01
8.91250938134e+03 8.23388176820e-01 2.96661968070e-01
9.12010839356e+03 8.26640279549e-01 2.90672678597e-01
9.33254300797e+03 8.29763157959e-01 2.84767908624e-01
9.54992586021e+03 8.32761246110e-01 2.78948645521e-01
9.77237220956e+03 8.35638884874e-01 2.73215699480e-01
1.00000000000e+04 8.38400318537e-01 2.67569713790e-01
1.02329299228e+04 8.41049692034e-01 2.62011174820e-01
1.04712854805e+04 8.43591048753e-01 2.56540421687e-01
1.07151930524e+04 8.46028328859e-01 2.51157655597e-01
1.09647819614e+04 8.48365368105e-01 2.45862948855e-01
1.12201845430e+04 8.50605897084e-01 2.40656253530e-01
1.14815362150e+04 8.52753540881e-01 2.35537409760e-01
1.17489755494e+04 8.54811819082e-01 2.30506153729e-01
1.20226443462e+04 8.56784146120e-01 2.25562125267e-01
1.23026877081e+04 8.58673831906e-01 2.20704875125e-01
1.25892541179e+04 8.60484082730e-01 2.15933871888e-01
1.28824955169e+04 8.62218002388e-01 2.11248508558e-01
1.31825673856e+04 8.63878593517e-01 2.06648108805e-01
1.34896288259e+04 8.65468759113e-01 2.02131932884e-01
1.38038426460e+04 8.66991304199e-01 1.97699183242e-01
1.41253754462e+04 8.68448937634e-01 1.93349009815e-01
1.44543977075e+04 8.69844274034e-01 1.89080515029e-01
1.47910838817e+04 8.71179835787e-01 1.84892758508e-01
1.51356124844e+04 8.72458055150e-01 1.80784761505e-01
1.54881661891e+04 8.73681276407e-01 1.76755511073e-01
1.58489319246e+04 8.74851758081e-01 1.72803963968e-01
1.62181009736e+04 8.75971675176e-01 1.68929050313e-01
1.65958690744e+04 8.77043121453e-01 1.65129677027e-01
1.69824365246e+04 8.78068111713e-01 1.61404731028e-01
1.73780082875e+04 8.79048584090e-01 1.57753082218e-01
1.77827941004e+04 8.79986402338e-01 1.54173586274e-01
1.81970085861e+04 8.80883358115e-01 1.50665087233e-01
1.86208713666e+04 8.81741173239e-01 1.47226419902e-01
1.90546071796e+04 8.82561501932e-01 1.43856412093e-01
1.94984459976e+04 8.83345933031e-01 1.40553886686e-01
1.99526231497e+04 8.84095992165e-01 1.37317663542e-01
2.04173794467e+04 8.84813143903e-01 1.34146561270e-01
2.08929613085e+04 8.85498793853e-01 1.31039398846e-01
2.13796208950e+04 8.86154290733e-01 1.27994997112e-01
2.18776162395e+04 8.86780928381e-01 1.25012180139e-01
2.23872113857e+04 8.87379947732e-01 1.22089776487e-01
2.29086765277e+04 8.87952538742e-01 1.19226620342e-01
2.34422881532e+04 8.88499842261e-01 1.16421552565e-01
2.39883291902e+04 8.89022951863e-01 1.13673421628e-01
2.45470891568e+04 8.89522915620e-01 1.10981084475e-01
2.51188643151e+04 8.90000737825e-01 1.08343407288e-01
2.57039578277e+04 8.90457380670e-01 1.05759266181e-01
2.63026799190e+04 8.90893765866e-01 1.03227547814e-01
2.69153480393e+04 8.91310776220e-01 1.00747149941e-01
2.75422870334e+04 8.91709257154e-01 9.83169818945e-02
2.81838293126e+04 8.92090018181e-01 9.59359650066e-02
2.88403150313e+04 8.92453834329e-01 9.36030329781e-02
2.95120922667e+04 8.92801447517e-01 9.13171321921e-02
3.01995172040e+04 8.93133567885e-01 8.90772219808e-02
3.09029543251e+04 8.93450875075e-01 8.68822748468e-02
3.16227766017e+04 8.93754019469e-01 8.47312766434e-02
3.23593656930e+04 8.94043623382e-01 8.26232267146e-02
3.31131121483e+04 8.94320282210e-01 8.05571380014e-02
3.38844156139e+04 8.94584565537e-01 7.85320371124e-02
3.46736850453e+04 8.94837018201e-01 7.65469643665e-02
3.54813389234e+04 8.95078161318e-01 7.46009738047e-02
3.63078054770e+04 8.95308493269e-01 7.26931331775e-02
3.71535229097e+04 8.95528490647e-01 7.08225239078e-02
3.80189396321e+04 8.95738609170e-01 6.89882410316e-02
3.89045144994e+04 8.95939284557e-01 6.71893931181e-02
3.98107170553e+04 8.96130933366e-01 6.54251021721e-02
4.07380277804e+04 8.96313953806e-01 6.36945035180e-02
4.16869383470e+04 8.96488726507e-01 6.19967456698e-02
4.26579518802e+04 8.96655615270e-01 6.03309901856e-02
4.36515832240e+04 8.96814967777e-01 5.86964115098e-02
4.46683592151e+04 8.96967116277e-01 5.70921968029e-02
4.57088189615e+04 8.97112378241e-01 5.55175457617e-02
4.67735141287e+04 8.97251056996e-01 5.39716704287e-02
4.78630092323e+04 8.97383442321e-01 5.24537949937e-02
4.89778819368e+04 8.97509811032e-01 5.09631555864e-02
5.01187233627e+04 8.97630427530e-01 4.94990000633e-02
5.12861383991e+04 8.97745544335e-01 4.80605877876e-02
5.24807460250e+04 8.97855402593e-01 4.66471894032e-02
5.37031796370e+04 8.97960232562e-01 4.52580866046e-02
5.49540873858e+04 8.98060254074e-01 4.38925719012e-02
5.62341325190e+04 8.98155676986e-01 4.25499483793e-02
5.75439937337e+04 8.98246701600e-01 4.12295294591e-02
5.88843655356e+04 8.98333519074e-01 3.99306386502e-02
6.02559586074e+04 8.98416311810e-01 3.86526093035e-02
6.16595001861e+04 8.98495253827e-01 3.73947843621e-02
6.30957344480e+04 8.98570511113e-01 3.61565161090e-02
6.45654229035e+04 8.98642241970e-01 3.49371659148e-02
6.60693448008e+04 8.98710597336e-01 3.37361039836e-02
6.76082975392e+04 8.98775721095e-01 3.25527090974e-02
6.91830970919e+04 8.98837750372e-01 3.13863683608e-02
7.07945784384e+04 8.98896815818e-01 3.02364769449e-02
7.24435960075e+04 8.98953041877e-01 2.91024378304e-02
7.41310241301e+04 8.99006547043e-01 2.79836615512e-02
7.58577575029e+04 8.99057444105e-01 2.68795659376e-02
7.76247116629e+04 8.99105840383e-01 2.57895758601e-02
7.94328234724e+04 8.99151837946e-01 2.47131229726e-02
8.12830516164e+04 8.99195533825e-01 2.36496454567e-02
8.31763771103e+04 8.99237020217e-01 2.25985877663e-02
8.51138038202e+04 8.99276384672e-01 2.15594003720e-02
8.70963589956e+04 8.99313710279e-01 2.05315395070e-02
8.91250938134e+04 8.99349075834e-01 1.95144669127e-02
9.12010839356e+04 8.99382556011e-01 1.85076495855e-02
9.33254300797e+04 8.99414221509e-01 1.75105595235e-02
9.54992586021e+04 8.99444139208e-01 1.65226734746e-02
9.77237220956e+04 8.99472372300e-01 1.55434726845e-02
1.00000000000e+05 8.99498980428e-01 1.45724426459e-02
1.02329299228e+05 8.99524019805e-01 1.36090728475e-02
1.04712854805e+05 8.99547543336e-01 1.26528565240e-02
1.07151930524e+05 8.99569600724e-01 1.17032904071e-02
1.09647819614e+05 8.99590238577e-01 1.07598744757e-02
1.12201845430e+05 8.99609500503e-01 9.82211170741e-03
1.14815362150e+05 8.99627427204e-01 8.88950783036e-03
1.17489755494e+05 8.99644056558e-01 7.96157107498e-03
1.20226443462e+05 8.99659423700e-01 7.03781192614e-03
1.23026877081e+05 8.99673561096e-01 6.11774287544e-03
1.25892541179e+05 8.99686498607e-01 5.20087817370e-03
1.28824955169e+05 8.99698263555e-01 4.28673358319e-03
1.31825673856e+05 8.99708880779e-01 3.37482612998e-03
1.34896288259e+05 8.99718372687e-01 2.46467385600e-03
1.38038426460e+05 8.99726759301e-01 1.55579557097e-03
1.41253754462e+05 8.99734058300e-01 6.47710603738e-04
1.44543977075e+05 8.99740285055e-01 -2.60061446605e-04
1.47910838817e+05 8.99745452664e-01 -1.16800096035e-03
1.51356124844e+05 8.99749571975e-01 -2.07658854744e-03
1.54881661891e+05 8.99752651611e-01 -2.98630529838e-03
1.58489319246e+05 8.99754697983e-01 -3.89763303635e-03
1.62181009736e+05 8.99755715309e-01 -4.81105457004e-03
1.65958690744e+05 8.99755705618e-01 -5.72705394777e-03
1.69824365246e+05 8.99754668751e-01 -6.64611671294e-03
1.73780082875e+05 8.99752602365e-01 -7.56873016072e-03
1.77827941004e+05 8.99749501923e-01 -8.49538359639e-03
1.81970085861e+05 8.99745360684e-01 -9.42656859528e-03
1.86208713666e+05 8.99740169687e-01 -1.03627792647e-02
1.90546071796e+05 8.99733917732e-01 -1.13045125073e-02
1.94984459976e+05 8.99726591353e-01 -1.22522682873e-02
1.99526231497e+05 8.99718174786e-01 -1.32065498985e-02
2.04173794467e+05 8.99708649940e-01 -1.41678642344e-02
2.08929613085e+05 8.99697996350e-01 -1.51367220617e-02
2.13796208950e+05 8.99686191133e-01 -1.61136382957e-02
2.18776162395e+05 8.99673208940e-01 -1.70991322794e-02
2.23872113857e+05 8.99659021896e-01 -1.80937280645e-02
2.29086765277e+05 8.99643599540e-01 -1.90979546974e-02
2.34422881532e+05 8.99626908757e-01 -2.01123465064e-02
2.39883291902e+05 8.99608913704e-01 -2.11374433948e-02
2.45470891568e+05 8.99589575730e-01 -2.21737911362e-02
2.51188643151e+05 8.99568853291e-01 -2.32219416740e-02
2.57039578277e+05 8.99546701856e-01 -2.42824534264e-02
2.63026799190e+05 8.99523073808e-01 -2.53558915939e-02
2.69153480393e+05 8.99497918340e-01 -2.64428284730e-02
2.75422870334e+05 8.99471181338e-01 -2.75438437738e-02
2.81838293126e+05 8.99442805261e-01 -2.86595249433e-02
2.88403150313e+05 8.99412729012e-01 -2.97904674939e-02
2.95120922667e+05 8.99380887803e-01 -3.09372753370e-02
3.01995172040e+05 8.99347213004e-01 -3.21005611232e-02
3.09029543251e+05 8.99311631994e-01 -3.32809465880e-02
3.16227766017e+05 8.99274067993e-01 -3.44790629041e-02
3.23593656930e+05 8.99234439889e-01 -3.56955510405e-02
3.31131121483e+05 8.99192662053e-01 -3.69310621283e-02
3.38844156139e+05 8.99148644148e-01 -3.81862578339e-02
3.46736850453e+05 8.99102290918e-01 -3.94618107395e-02
3.54813389234e+05 8.99053501972e-01 -4.07584047321e-02
3.63078054770e+05 8.99002171552e-01 -4.20767353999e-02
3.71535229097e+05 8.98948188294e-01 -4.34175104379e-02
3.80189396321e+05 8.98891434966e-01 -4.47814500623e-02
3.89045144994e+05 8.98831788196e-01 -4.61692874339e-02
3.98107170553e+05 8.98769118192e-01 -4.75817690914e-02
4.07380277804e+05 8.98703288428e-01 -4.90196553952e-02
4.16869383470e+05 8.98634155334e-01 -5.04837209809e-02
4.26579518802e+05 8.98561567954e-01 -5.19747552242e-02
4.36515832240e+05 8.98485367587e-01 -5.34935627174e-02
4.46683592151e+05 8.98405387416e-01 -5.50409637572e-02
4.57088189615e+05 8.98321452106e-01 -5.66177948454e-02
4.67735141287e+05 8.98233377385e-01 -5.82249092017e-02
4.78630092323e+05 8.98140969601e-01 -5.98631772910e-02
4.89778819368e+05 8.98044025256e-01 -6.15334873630e-02
5.01187233627e+05 8.97942330505e-01 -6.32367460078e-02
5.12861383991e+05 8.97835660639e-01 -6.49738787252e-02
5.24807460250e+05 8.97723779532e-01 -6.67458305105e-02
5.37031796370e+05 8.97606439052e-01 -6.85535664557e-02
5.49540873858e+05 8.97483378449e-01 -7.03980723681e-02
5.62341325190e+05 8.97354323702e-01 -7.22803554058e-02
5.75439937337e+05 8.97218986824e-01 -7.42014447318e-02
5.88843655356e+05 8.97077065134e-01 -7.61623921858e-02
6.02559586074e+05 8.96928240487e-01 -7.81642729768e-02
6.16595001861e+05 8.96772178448e-01 -8.02081863943e-02
6.30957344480e+05 8.96608527433e-01 -8.22952565411e-02
6.45654229035e+05 8.96436917785e-01 -8.44266330874e-02
6.60693448008e+05 8.96256960804e-01 -8.66034920465e-02
6.76082975392e+05 8.96068247714e-01 -8.88270365739e-02
6.91830970919e+05 8.95870348571e-01 -9.10984977893e-02
7.07945784384e+05 8.95662811101e-01 -9.34191356229e-02
7.24435960075e+05 8.95445159470e-01 -9.57902396865e-02
7.41310241301e+05 8.95216892978e-01 -9.82131301696e-02
7.58577575029e+05 8.94977484666e-01 -1.00689158761e-01
7.76247116629e+05 8.94726379851e-01 -1.03219709599e-01
7.94328234724e+05 8.94462994547e-01 -1.05806200242e-01
8.12830516164e+05 8.94186713811e-01 -1.08450082678e-01
8.31763771103e+05 8.93896889961e-01 -1.11152844344e-01
8.51138038202e+05 8.93592840696e-01 -1.13916009192e-01
8.70963589956e+05 8.93273847084e-01 -1.16741138766e-01
8.91250938134e+05 8.92939151430e-01 -1.19629833316e-01
9.12010839356e+05 8.92587954992e-01 -1.22583732935e-01
9.33254300797e+05 8.92219415556e-01 -1.25604518718e-01
9.54992586021e+05 8.91832644850e-01 -1.28693913955e-01
9.77237220956e+05 8.91426705776e-01 -1.31853685335e-01
1.00000000000e+06 8.91000609470e-01 -1.35085644185e-01
1.02329299228e+06 8.90553312152e-01 -1.38391647714e-01
1.04712854805e+06 8.90083711768e-01 -1.41773600283e-01
1.07151930524e+06 8.89590644400e-01 -1.45233454685e-01
1.09647819614e+06 8.89072880429e-01 -1.48773213429e-01
1.12201845430e+06 8.88529120435e-01 -1.52394930034e-01
1.14815362150e+06 8.87957990810e-01 -1.56100710316e-01
1.17489755494e+06 8.87358039062e-01 -1.59892713664e-01
1.20226443462e+06 8.86727728795e-01 -1.63773154295e-01
1.23026877081e+06 8.86065434331e-01 -1.67744302490e-01
1.25892541179e+06 8.85369434952e-01 -1.71808485775e-01
1.28824955169e+06 8.84637908729e-01 -1.75968090056e-01
1.31825673856e+06 8.83868925922e-01 -1.80225560684e-01
1.34896288259e+06 8.83060441891e-01 -1.84583403421e-01
1.38038426460e+06 8.82210289513e-01 -1.89044185309e-01
1.41253754462e+06 8.81316171048e-01 -1.93610535390e-01
1.44543977075e+06 8.80375649416e-01 -1.98285145271e-01
1.47910838817e+06 8.79386138856e-01 -2.03070769484e-01
1.51356124844e+06 8.78344894899e-01 -2.07970225621e-01
1.54881661891e+06 8.77249003629e-01 -2.12986394181e-01
1.58489319246e+06 8.76095370169e-01 -2.18122218094e-01
1.62181009736e+06 8.74880706339e-01 -2.23380701864e-01
1.65958690744e+06 8.73601517435e-01 -2.28764910256e-01
1.69824365246e+06 8.72254088063e-01 -2.34277966469e-01
1.73780082875e+06 8.70834466974e-01 -2.39923049700e-01
1.77827941004e+06 8.69338450832e-01 -2.45703392011e-01
1.81970085861e+06 8.67761566853e-01 -2.51622274381e-01
1.86208713666e+06 8.66099054243e-01 -2.57683021843e-01
1.90546071796e+06 8.64345844377e-01 -2.63888997536e-01
1.94984459976e+06 8.62496539644e-01 -2.70243595549e-01
1.99526231497e+06 8.60545390904e-01 -2.76750232356e-01
2.04173794467e+06 8.58486273482e-01 -2.83412336657e-01
2.08929613085e+06 8.56312661661e-01 -2.90233337398e-01
2.13796208950e+06 8.54017601601e-01 -2.97216649717e-01
2.18776162395e+06 8.51593682675e-01 -3.04365658539e-01
2.23872113857e+06 8.49033007171e-01 -3.11683699509e-01
2.29086765277e+06 8.46327158364e-01 -3.19174036895e-01
2.34422881532e+06 8.43467166976e-01 -3.26839838094e-01
2.39883291902e+06 8.40443476061e-01 -3.34684144298e-01
2.45470891568e+06 8.37245904400e-01 -3.42709836824e-01
2.51188643151e+06 8.33863608528e-01 -3.50919598614e-01
2.57039578277e+06 8.30285043562e-01 -3.59315870293e-01
2.63026799190e+06 8.26497923092e-01 -3.67900800166e-01
2.69153480393e+06 8.22489178442e-01 -3.76676187461e-01
2.75422870334e+06 8.18244917713e-01 -3.85643418078e-01
2.81838293126e+06 8.13750385157e-01 -3.94803392034e-01
2.88403150313e+06 8.08989921517e-01 -4.04156441774e-01
2.95120922667e+06 8.03946926175e-01 -4.13702240436e-01
3.01995172040e+06 7.98603822083e-01 -4.23439699168e-01
3.09029543251e+06 7.92942024700e-01 -4.33366852530e-01
3.16227766017e+06 7.86941916372e-01 -4.43480731065e-01
3.23593656930e+06 7.80582827891e-01 -4.53777220108e-01
3.31131121483e+06 7.73843029240e-01 -4.64250904005e-01
3.38844156139e+06 7.66699731922e-01 -4.74894894996e-01
3.46736850453e+06 7.59129105607e-01 -4.85700646215e-01
3.54813389234e+06 7.51106312261e-01 -4.96657748476e-01
3.63078054770e+06 7.42605561351e-01 -5.07753710876e-01
3.71535229097e+06 7.33600190181e-01 -5.18973725657e-01
3.80189396321e+06 7.24062773832e-01 -5.30300418353e-01
3.89045144994e+06 7.13965269658e-01 -5.41713584946e-01
3.98107170553e+06 7.03279201650e-01 -5.53189918643e-01
4.07380277804e+06 6.91975890285e-01 -5.64702729932e-01
4.16869383470e+06 6.80026733677e-01 -5.76221664843e-01
4.26579518802e+06 6.67403545837e-01 -5.87712427787e-01
4.36515832240e+06 6.54078957578e-01 -5.99136517034e-01
4.46683592151e+06 6.40026885071e-01 -6.10450982719e-01
4.57088189615e+06 6.25223070015e-01 -6.21608219263e-01
4.67735141287e+06 6.09645693930e-01 -6.32555806192e-01
4.78630092323e+06 5.93276066973e-01 -6.43236413377e-01
4.89778819368e+06 5.76099388910e-01 -6.53587788673e-01
5.01187233627e+06 5.58105576357e-01 -6.63542847499e-01
5.12861383991e+06 5.39290146139e-01 -6.73029885005e-01
5.24807460250e+06 5.19655139548e-01 -6.81972931720e-01
5.37031796370e+06 4.99210066637e-01 -6.90292272798e-01
5.49540873858e+06 4.77972843506e-01 -6.97905148764e-01
5.62341325190e+06 4.55970689262e-01 -7.04726651854e-01
5.75439937337e+06 4.33240943267e-01 -7.10670826286e-01
5.88843655356e+06 4.09831758038e-01 -7.15651973029e-01
6.02559586074e+06 3.85802619387e-01 -7.19586149837e-01
6.16595001861e+06 3.61224643682e-01 -7.22392845707e-01
6.30957344480e+06 3.36180603365e-01 -7.23996795959e-01
6.45654229035e+06 3.10764636531e-01 -7.24329890514e-01
6.60693448008e+06 2.85081605010e-01 -7.23333114715e-01
6.76082975392e+06 2.59246078113e-01 -7.20958450321e-01
6.91830970919e+06 2.33380935759e-01 -7.17170655511e-01
7.07945784384e+06 2.07615604411e-01 -7.11948838109e-01
7.24435960075e+06 1.82083960873e-01 -7.05287736974e-01
7.41310241301e+06 1.56921961046e-01 -6.97198633316e-01
7.58577575029e+06 1.32265071168e-01 -6.87709826816e-01
7.76247116629e+06 1.08245595958e-01 -6.76866630463e-01
7.94328234724e+06 8.49900096329e-02 -6.64730861794e-01
8.12830516164e+06 6.26164004043e-02 -6.51379835021e-01
8.31763771103e+06 4.12321361267e-02 -6.36904886137e-01
8.51138038202e+06 2.09318481532e-02 -6.21409489162e-01
8.70963589956e+06 1.79581297625e-03 -6.05007043779e-01
8.91250938134e+06 -1.61112115742e-02 -5.87818431013e-01
9.12010839356e+06 -3.27406648794e-02 -5.69969442851e-01
9.33254300797e+06 -4.80603731350e-02 -5.51588193368e-01
9.54992586021e+06 -6.20542719384e-02 -5.32802613373e-01
9.77237220956e+06 -7.47217060346e-02 -5.13738118659e-01
1.00000000000e+07 -8.60763677692e-02 -4.94515525349e-01
1.02329299228e+07 -9.61449474503e-02 -4.75249266267e-01
1.04712854805e+07 -1.04965574551e-01 -4.56045941685e-01
1.07151930524e+07 -1.12586128864e-01 -4.37003217875e-01
1.09647819614e+07 -1.19062496172e-01 -4.18209069025e-01
1.12201845430e+07 -1.24456834820e-01 -3.99741343185e-01
1.14815362150e+07 -1.28835908981e-01 -3.81667621628e-01
1.17489755494e+07 -1.32269532591e-01 -3.64045333276e-01
1.20226443462e+07 -1.34829155871e-01 -3.46922081694e-01
1.23026877081e+07 -1.36586614990e-01 -3.30336140920e-01
1.25892541179e+07 -1.37613055192e-01 -3.14317077708e-01
1.28824955169e+07 -1.37978029145e-01 -2.98886460856e-01
1.31825673856e+07 -1.37748765352e-01 -2.84058622615e-01
1.34896288259e+07 -1.36989596366e-01 -2.69841442232e-01
1.38038426460e+07 -1.35761532951e-01 -2.56237126940e-01
1.41253754462e+07 -1.34121968250e-01 -2.43242970835e-01
1.44543977075e+07 -1.32124495014e-01 -2.30852076957e-01
1.47910838817e+07 -1.29818818926e-01 -2.19054032116e-01
1.51356124844e+07 -1.27250751679e-01 -2.07835527746e-01
1.54881661891e+07 -1.24462268603e-01 -1.97180923132e-01
1.58489319246e+07 -1.21491617061e-01 -1.87072749844e-01
1.62181009736e+07 -1.18373463405e-01 -1.77492158110e-01
1.65958690744e+07 -1.15139067916e-01 -1.68419307313e-01
1.69824365246e+07 -1.11816478741e-01 -1.59833703785e-01
1.73780082875e+07 -1.08430737345e-01 -1.51714489729e-01
1.77827941004e+07 -1.05004089354e-01 -1.44040687466e-01
1.81970085861e+07 -1.01556195901e-01 -1.36791403374e-01
1.86208713666e+07 -9.81043416481e-02 -1.29945995826e-01
1.90546071796e+07 -9.46636365961e-02 -1.23484211339e-01
1.94984459976e+07 -9.12472095411e-02 -1.17386292888e-01
1.99526231497e+07 -8.78663917134e-02 -1.11633064083e-01
2.04173794467e+07 -8.45308896376e-02 -1.06205992572e-01
2.08929613085e+07 -8.12489466920e-02 -1.01087235745e-01
2.13796208950e+07 -7.80274931714e-02 -9.62596714649e-02
2.18776162395e+07 -7.48722849203e-02 -9.17069162524e-02
2.23872113857e+07 -7.17880307973e-02 -8.74133330710e-02
2.29086765277e+07 -6.87785093747e-02 -8.33640305624e-02
2.34422881532e+07 -6.58466753756e-02 -7.95448553539e-02
2.39883291902e+07 -6.29947564192e-02 -7.59423788264e-02
2.45470891568e+07 -6.02243406807e-02 -7.25438795289e-02
2.51188643151e+07 -5.75364560896e-02 -6.93373222514e-02
2.57039578277e+07 -5.49316416915e-02 -6.63113346052e-02
2.63026799190e+07 -5.24100117872e-02 -6.34551818273e-02
2.69153480393e+07 -4.99713134405e-02 -6.07587404002e-02
2.75422870334e+07 -4.76149779228e-02 -5.82124709811e-02
2.81838293126e+07 -4.53401666282e-02 -5.58073910404e-02
2.88403150313e+07 -4.31458119634e-02 -5.35350475364e-02
2.95120922667e+07 -4.10306536797e-02 -5.13874898881e-02
3.01995172040e+07 -3.89932710815e-02 -4.93572434516e-02
3.09029543251e+07 -3.70321115115e-02 -4.74372836630e-02
3.16227766017e+07 -3.51455154816e-02 -4.56210109677e-02
3.23593656930e+07 -3.33317387835e-02 -4.39022266286e-02
3.31131121483e+07 -3.15889718894e-02 -4.22751094748e-02
3.38844156139e+07 -2.99153569197e-02 -4.07341936340e-02
3.46736850453e+07 -2.83090024329e-02 -3.92743472718e-02
3.54813389234e+07 -2.67679962674e-02 -3.78907523477e-02
3.63078054770e+07 -2.52904166437e-02 -3.65788853853e-02
3.71535229097e+07 -2.38743417151e-02 -3.53344992461e-02
3.80189396321e+07 -2.25178577358e-02 -3.41536058876e-02
3.89045144994e+07 -2.12190660013e-02 -3.30324600831e-02
3.98107170553e+07 -1.99760886977e-02 -3.19675440727e-02
4.07380277804e+07 -1.87870737854e-02 -3.09555531176e-02
4.16869383470e+07 -1.76501990284e-02 -2.99933819210e-02
4.26579518802e+07 -1.65636752706e-02 -2.90781118841e-02
4.36515832240e+07 -1.55257490498e-02 -2.82069991593e-02
4.46683592151e+07 -1.45347046317e-02 -2.73774634664e-02
4.57088189615e+07 -1.35888655371e-02 -2.65870776349e-02
4.67735141287e+07 -1.26865956295e-02 -2.58335578378e-02
4.78630092323e+07 -1.18262998215e-02 -2.51147544810e-02
4.89778819368e+07 -1.10064244564e-02 -2.44286437145e-02
5.01187233627e+07 -1.02254574117e-02 -2.37733195307e-02
5.12861383991e+07 -9.48192796837e-03 -2.31469864181e-02
5.24807460250e+07 -8.77440648636e-03 -2.25479525362e-02
5.37031796370e+07 -8.10150392088e-03 -2.19746233826e-02
5.49540873858e+07 -7.46187121102e-03 -2.14254959192e-02
5.62341325190e+07 -6.85419856912e-03 -2.08991531293e-02
5.75439937337e+07 -6.27721469594e-03 -2.03942589762e-02
5.88843655356e+07 -5.72968594350e-03 -1.99095537353e-02
6.02559586074e+07 -5.21041544507e-03 -1.94438496718e-02
6.16595001861e+07 -4.71824222897e-03 -1.89960270389e-02
6.30957344480e+07 -4.25204033042e-03 -1.85650303702e-02
6.45654229035e+07 -3.81071791355e-03 -1.81498650416e-02
6.60693448008e+07 -3.39321641342e-03 -1.77495940807e-02
6.76082975392e+07 -2.99850970584e-03 -1.73633351996e-02
6.91830970919e+07 -2.62560331105e-03 -1.69902580310e-02
7.07945784384e+07 -2.27353363557e-03 -1.66295815470e-02
7.24435960075e+07 -1.94136725474e-03 -1.62805716424e-02
7.41310241301e+07 -1.62820023742e-03 -1.59425388640e-02
7.58577575029e+07 -1.33315751257e-03 -1.56148362701e-02
7.76247116629e+07 -1.05539227671e-03 -1.52968574056e-02
7.94328234724e+07 -7.94085439927e-04 -1.49880343783e-02
8.12830516164e+07 -5.48445107650e-04 -1.46878360255e-02
8.31763771103e+07 -3.17706094387e-04 -1.43957661583e-02
8.51138038202e+07 -1.01129465393e-04 -1.41113618760e-02
8.70963589956e+07 1.01997898250e-04 -1.38341919409e-02
8.91250938134e+07 2.92363715808e-04 -1.35638552082e-02
9.12010839356e+07 4.70630709079e-04 -1.32999791034e-02
9.33254300797e+07 6.37436995269e-04 -1.30422181442e-02
9.54992586021e+07 7.93396475097e-04 -1.27902525030e-02
9.77237220956e+07 9.39099220347e-04 -1.25437866071e-02
1.00000000000e+08 1.07511186481e-03 -1.23025477750e-02
1.02329299228e+08 1.20197800206e-03 -1.20662848878e-02
1.04712854805e+08 1.32021859310e-03 -1.18347670961e-02
1.07151930524e+08 1.43033238641e-03 -1.16077825613e-02
1.09647819614e+08 1.53279635234e-03 -1.13851372328e-02
1.12201845430e+08 1.62806613334e-03 -1.11666536613e-02
1.14815362150e+08 1.71657651095e-03 -1.09521698508e-02
1.17489755494e+08 1.79874189007e-03 -1.07415381481e-02
1.20226443462e+08 1.87495680032e-03 -1.05346241739e-02
1.23026877081e+08 1.94559641413e-03 -1.03313057941e-02
1.25892541179e+08 2.01101708072e-03 -1.01314721347e-02
1.28824955169e+08 2.07155687462e-03 -9.93502263990e-03
1.31825673856e+08 2.12753615739e-03 -9.74186617504e-03
1.34896288259e+08 2.17925815063e-03 -9.55192017453e-03
1.38038426460e+08 2.22700951843e-03 -9.36510983567e-03
1.41253754462e+08 2.27106095720e-03 -9.18136735820e-03
1.44543977075e+08 2.31166779060e-03 -9.00063122975e-03
1.47910838817e+08 2.34907056741e-03 -8.82284555663e-03
1.51356124844e+08 2.38349566017e-03 -8.64795943968e-03
1.54881661891e+08 2.41515586222e-03 -8.47592639420e-03
1.58489319246e+08 2.44425098123e-03 -8.30670381300e-03
1.62181009736e+08 2.47096842705e-03 -8.14025247148e-03
1.65958690744e+08 2.49548379193e-03 -7.97653607323e-03
1.69824365246e+08 2.51796142149e-03 -7.81552083471e-03
1.73780082875e+08 2.53855497464e-03 -7.65717510743e-03
1.77827941004e+08 2.55740797108e-03 -7.50146903574e-03
1.81970085861e+08 2.57465432503e-03 -7.34837424861e-03
1.86208713666e+08 2.59041886412e-03 -7.19786358328e-03
1.90546071796e+08 2.60481783233e-03 -7.04991083914e-03
1.94984459976e+08 2.61795937642e-03 -6.90449055973e-03
1.99526231497e+08 2.62994401493e-03 -6.76157784106e-03
2.04173794467e+08 2.64086508954e-03 -6.62114816423e-03
2.08929613085e+08 2.65080919821e-03 -6.48317725063e-03
2.13796208950e+08 2.65985661007e-03 -6.34764093786e-03
2.18776162395e+08 2.66808166196e-03 -6.21451507459e-03
2.23872113857e+08 2.67555313649e-03 -6.08377543266e-03
2.29086765277e+08 2.68233462205e-03 -5.95539763492e-03
2.34422881532e+08 2.68848485472e-03 -5.82935709715e-03
2.39883291902e+08 2.69405804256e-03 -5.70562898272e-03
2.45470891568e+08 2.69910417264e-03 -5.58418816851e-03
2.51188643151e+08 2.70366930121e-03 -5.46500922098e-03
2.57039578277e+08 2.70779582750e-03 -5.34806638102e-03
2.63026799190e+08 2.71152275175e-03 -5.23333355669e-03
2.69153480393e+08 2.71488591796e-03 -5.12078432257e-03
2.75422870334e+08 2.71791824197e-03 -5.01039192510e-03
2.81838293126e+08 2.72064992554e-03 -4.90212929278e-03
2.88403150313e+08 2.72310865693e-03 -4.79596905065e-03
2.95120922667e+08 2.72531979868e-03 -4.69188353821e-03
3.01995172040e+08 2.72730656318e-03 -4.58984483030e-03
3.09029543251e+08 2.72909017671e-03 -4.48982476020e-03
3.16227766017e+08 2.73069003240e-03 -4.39179494459e-03
3.23593656930e+08 2.73212383289e-03 -4.29572680983e-03
3.31131121483e+08 2.73340772314e-03 -4.20159161918e-03
3.38844156139e+08 2.73455641403e-03 -4.10936050069e-03
3.46736850453e+08 2.73558329717e-03 -4.01900447535e-03
3.54813389234e+08 2.73650055163e-03 -3.93049448525e-03
3.63078054770e+08 2.73731924293e-03 -3.84380142160e-03
3.71535229097e+08 2.73804941482e-03 -3.75889615236e-03
3.80189396321e+08 2.73870017436e-03 -3.67574954931e-03
3.89045144994e+08 2.73927977062e-03 -3.59433251445e-03
3.98107170553e+08 2.73979566755e-03 -3.51461600560e-03
4.07380277804e+08 2.74025461125e-03 -3.43657106113e-03
4.16869383470e+08 2.74066269220e-03 -3.36016882370e-03
4.26579518802e+08 2.74102540263e-03 -3.28538056303e-03
4.36515832240e+08 2.74134768939e-03 -3.21217769757e-03
4.46683592151e+08 2.74163400273e-03 -3.14053181511e-03
4.57088189615e+08 2.74188834120e-03 -3.07041469229e-03
4.67735141287e+08 2.74211429285e-03 -3.00179831295e-03
4.78630092323e+08 2.74231507326e-03 -2.93465488544e-03
4.89778819368e+08 2.74249356027e-03 -2.86895685875e-03
5.01187233627e+08 2.74265232595e-03 -2.80467693759e-03
5.12861383991e+08 2.74279366590e-03 -2.74178809634e-03
5.24807460250e+08 2.74291962596e-03 -2.68026359200e-03
5.37031796370e+08 2.74303202676e-03 -2.62007697604e-03
5.49540873858e+08 2.74313248603e-03 -2.56120210530e-03
5.62341325190e+08 2.74322243904e-03 -2.50361315181e-03
5.75439937337e+08 2.74330315718e-03 -2.44728461179e-03
5.88843655356e+08 2.74337576483e-03 -2.39219131362e-03
6.02559586074e+08 2.74344125476e-03 -2.33830842498e-03
6.16595001861e+08 2.74350050207e-03 -2.28561145912e-03
6.30957344480e+08 2.74355427682e-03 -2.23407628033e-03
6.45654229035e+08 2.74360325546e-03 -2.18367910857e-03
6.60693448008e+08 2.74364803117e-03 -2.13439652347e-03
6.76082975392e+08 2.74368912318e-03 -2.08620546750e-03
6.91830970919e+08 2.74372698514e-03 -2.03908324852e-03
7.07945784384e+08 2.74376201271e-03 -1.99300754171e-03
7.24435960075e+08 2.74379455031e-03 -1.94795639085e-03
7.41310241301e+08 2.74382489720e-03 -1.90390820907e-03
7.58577575029e+08 2.74385331292e-03 -1.86084177902e-03
7.76247116629e+08 2.74388002215e-03 -1.81873625260e-03
7.94328234724e+08 2.74390521900e-03 -1.77757115017e-03
8.12830516164e+08 2.74392907092e-03 -1.73732635931e-03
8.31763771103e+08 2.74395172206e-03 -1.69798213326e-03
8.51138038202e+08 2.74397329634e-03 -1.65951908884e-03
8.70963589956e+08 2.74399390011e-03 -1.62191820418e-03
8.91250938134e+08 2.74401362452e-03 -1.58516081597e-03
9.12010839356e+08 2.74403254760e-03 -1.54922861658e-03
9.33254300797e+08 2.74405073609e-03 -1.51410365075e-03
9.54992586021e+08 2.74406824707e-03 -1.47976831216e-03
9.77237220956e+08 2.74408512931e-03 -1.44620533968e-03
1.00000000000e+09 2.74410142453e-03 -1.41339781353e-03
1.02329299228e+09 2.74411716847e-03 -1.38132915116e-03
1.04712854805e+09 2.74413239178e-03 -1.34998310299e-03
1.07151930524e+09 2.74414712087e-03 -1.31934374809e-03
1.09647819614e+09 2.74416137853e-03 -1.28939548964e-03
1.12201845430e+09 2.74417518459e-03 -1.26012305033e-03
1.14815362150e+09 2.74418855636e-03 -1.23151146768e-03
1.17489755494e+09 2.74420150915e-03 -1.20354608923e-03
1.20226443462e+09 2.74421405653e-03 -1.17621256775e-03
1.23026877081e+09 2.74422621074e-03 -1.14949685634e-03
1.25892541179e+09 2.74423798287e-03 -1.12338520352e-03
1.28824955169e+09 2.74424938315e-03 -1.09786414825e-03
1.31825673856e+09 2.74426042107e-03 -1.07292051503e-03
1.34896288259e+09 2.74427110557e-03 -1.04854140885e-03
1.38038426460e+09 2.74428144516e-03 -1.02471421032e-03
1.41253754462e+09 2.74429144799e-03 -1.00142657062e-03
1.44543977075e+09 2.74430112197e-03 -9.78666406612e-04
1.47910838817e+09 2.74431047480e-03 -9.56421895921e-04
1.51356124844e+09 2.74431951403e-03 -9.34681472018e-04
1.54881661891e+09 2.74432824713e-03 -9.13433819385e-04
1.58489319246e+09 2.74433668147e-03 -8.92667868693e-04
1.62181009736e+09 2.74434482434e-03 -8.72372792029e-04
1.65958690744e+09 2.74435268301e-03 -8.52537998170e-04
1.69824365246e+09 2.74436026470e-03 -8.33153127911e-04
1.73780082875e+09 2.74436757660e-03 -8.14208049439e-04
1.77827941004e+09 2.74437462586e-03 -7.95692853771e-04
1.81970085861e+09 2.74438141957e-03 -7.77597850246e-04
1.86208713666e+09 2.74438796481e-03 -7.59913562084e-04
1.90546071796e+09 2.74439426860e-03 -7.42630721994e-04
1.94984459976e+09 2.74440033789e-03 -7.25740267865e-04
1.99526231497e+09 2.74440617958e-03 -7.09233338505e-04
2.04173794467e+09 2.74441180049e-03 -6.93101269456e-04
2.08929613085e+09 2.74441720738e-03 -6.77335588875e-04
2.13796208950e+09 2.74442240689e-03 -6.61928013474e-04
2.18776162395e+09 2.74442740559e-03 -6.46870444543e-04
2.23872113857e+09 2.74443220996e-03 -6.32154964029e-04
2.29086765277e+09 2.74443682634e-03 -6.17773830685e-04
2.34422881532e+09 2.74444126097e-03 -6.03719476294e-04
2.39883291902e+09 2.74444551998e-03 -5.89984501954e-04
2.45470891568e+09 2.74444960938e-03 -5.76561674436e-04
2.51188643151e+09 2.74445353502e-03 -5.63443922606e-04
2.57039578277e+09 2.74445730265e-03 -5.50624333915e-04
2.63026799190e+09 2.74446091788e-03 -5.38096150959e-04
2.69153480393e+09 2.74446438618e-03 -5.25852768103e-04
2.75422870334e+09 2.74446771287e-03 -5.13887728168e-04
2.81838293126e+09 2.74447090314e-03 -5.02194719187e-04
2.88403150313e+09 2.74447396204e-03 -4.90767571226e-04
2.95120922667e+09 2.74447689449e-03 -4.79600253261e-04
3.01995172040e+09 2.74447970524e-03 -4.68686870128e-04
3.09029543251e+09 2.74448239892e-03 -4.58021659530e-04
3.16227766017e+09 2.74448498002e-03 -4.47598989100e-04
3.23593656930e+09 2.74448745288e-03 -4.37413353535e-04
3.31131121483e+09 2.74448982171e-03 -4.27459371778e-04
3.38844156139e+09 2.74449209059e-03 -4.17731784270e-04
3.46736850453e+09 2.74449426346e-03 -4.08225450248e-04
3.54813389234e+09 2.74449634411e-03 -3.98935345106e-04
3.63078054770e+09 2.74449833624e-03 -3.89856557813e-04
3.71535229097e+09 2.74450024340e-03 -3.80984288380e-04
3.80189396321e+09 2.74450206901e-03 -3.72313845384e-04
3.89045144994e+09 2.74450381637e-03 -3.63840643549e-04
3.98107170553e+09 2.74450548869e-03 -3.55560201366e-04
4.07380277804e+09 2.74450708902e-03 -3.47468138780e-04
4.16869383470e+09 2.74450862033e-03 -3.39560174916e-04
4.26579518802e+09 2.74451008547e-03 -3.31832125856e-04
4.36515832240e+09 2.74451148719e-03 -3.24279902468e-04
4.46683592151e+09 2.74451282811e-03 -3.16899508276e-04
4.57088189615e+09 2.74451411079e-03 -3.09687037384e-04
4.67735141287e+09 2.74451533766e-03 -3.02638672438e-04
4.78630092323e+09 2.74451651107e-03 -2.95750682635e-04
4.89778819368e+09 2.74451763327e-03 -2.89019421779e-04
5.01187233627e+09 2.74451870643e-03 -2.82441326374e-04
5.12861383991e+09 2.74451973263e-03 -2.76012913764e-04
5.24807460250e+09 2.74452071387e-03 -2.69730780309e-04
5.37031796370e+09 2.74452165207e-03 -2.63591599606e-04
5.49540873858e+09 2.74452254906e-03 -2.57592120746e-04
5.62341325190e+09 2.74452340662e-03 -2.51729166614e-04
5.75439937337e+09 2.74452422643e-03 -2.45999632216e-04
5.88843655356e+09 2.74452501013e-03 -2.40400483058e-04
6.02559586074e+09 2.74452575926e-03 -2.34928753551e-04
6.16595001861e+09 2.74452647533e-03 -2.29581545451e-04
6.30957344480e+09 2.74452715977e-03 -2.24356026342e-04
6.45654229035e+09 2.74452781394e-03 -2.19249428143e-04
6.60693448008e+09 2.74452843916e-03 -2.14259045656e-04
6.76082975392e+09 2.74452903670e-03 -2.09382235139e-04
6.91830970919e+09 2.74452960776e-03 -2.04616412921e-04
7.07945784384e+09 2.74453015349e-03 -1.99959054037e-04
7.24435960075e+09 2.74453067500e-03 -1.95407690903e-04
7.41310241301e+09 2.74453117336e-03 -1.90959912010e-04
7.58577575029e+09 2.74453164957e-03 -1.86613360662e-04
7.76247116629e+09 2.74453210461e-03 -1.82365733727e-04
7.94328234724e+09 2.74453253941e-03 -1.78214780426e-04
8.12830516164e+09 2.74453295486e-03 -1.74158301147e-04
8.31763771103e+09 2.74453335181e-03 -1.70194146282e-04
8.51138038202e+09 2.74453373107e-03 -1.66320215096e-04
8.70963589956e+09 2.74453409343e-03 -1.62534454618e-04
8.91250938134e+09 2.74453443964e-03 -1.58834858554e-04
9.12010839356e+09 2.74453477039e-03 -1.55219466233e-04
9.33254300797e+09 2.74453508639e-03 -1.51686361570e-04
9.54992586021e+09 2.74453538828e-03 -1.48233672051e-04
9.77237220956e+09 2.74453567669e-03 -1.44859567749e-04
1.00000000000e+10 2.74453595222e-03 -1.41562260353e-04
1.02329299228e+10 2.74453621543e-03 -1.38340002226e-04
1.04712854805e+10 2.74453646687e-03 -1.35191085480e-04
1.07151930524e+10 2.74453670707e-03 -1.32113841074e-04
1.09647819614e+10 2.74453693653e-03 -1.29106637931e-04
1.12201845430e+10 2.74453715572e-03 -1.26167882076e-04
1.14815362150e+10 2.74453736509e-03 -1.23296015795e-04
1.17489755494e+10 2.74453756510e-03 -1.20489516806e-04
1.20226443462e+10 2.74453775615e-03 -1.17746897460e-04
1.23026877081e+10 2.74453793864e-03 -1.15066703952e-04
1.25892541179e+10 2.74453811296e-03 -1.12447515549e-04
1.28824955169e+10 2.74453827947e-03 -1.09887943844e-04
1.31825673856e+10 2.74453843851e-03 -1.07386632015e-04
1.34896288259e+10 2.74453859043e-03 -1.04942254112e-04
1.38038426460e+10 2.74453873553e-03 -1.02553514354e-04
1.41253754462e+10 2.74453887413e-03 -1.00219146441e-04
1.44543977075e+10 2.74453900651e-03 -9.79379128867e-05
1.47910838817e+10 2.74453913296e-03 -9.57086043619e-05
1.51356124844e+10 2.74453925373e-03 -9.35300390547e-05
1.54881661891e+10 2.74453936908e-03 -9.14010620446e-05
1.58489319246e+10 2.74453947926e-03 -8.93205446913e-05
1.62181009736e+10 2.74453958449e-03 -8.72873840371e-05
1.65958690744e+10 2.74453968500e-03 -8.53005022225e-05
1.69824365246e+10 2.74453978099e-03 -8.33588459160e-05
1.73780082875e+10 2.74453987268e-03 -8.14613857557e-05
1.77827941004e+10 2.74453996025e-03 -7.96071158044e-05
1.81970085861e+10 2.74454004389e-03 -7.77950530170e-05
1.86208713666e+10 2.74454012377e-03 -7.60242367195e-05
1.90546071796e+10 2.74454020006e-03 -7.42937281002e-05
1.94984459976e+10 2.74454027292e-03 -7.26026097126e-05
1.99526231497e+10 2.74454034252e-03 -7.09499849893e-05
2.04173794467e+10 2.74454040898e-03 -6.93349777668e-05
2.08929613085e+10 2.74454047246e-03 -6.77567318219e-05
2.13796208950e+10 2.74454053309e-03 -6.62144104174e-05
2.18776162395e+10 2.74454059099e-03 -6.47071958593e-05
2.23872113857e+10 2.74454064629e-03 -6.32342890631e-05
2.29086765277e+10 2.74454069910e-03 -6.17949091311e-05
2.34422881532e+10 2.74454074954e-03 -6.03882929377e-05
2.39883291902e+10 2.74454079772e-03 -5.90136947260e-05
2.45470891568e+10 2.74454084373e-03 -5.76703857119e-05
2.51188643151e+10 2.74454088767e-03 -5.63576536981e-05
2.57039578277e+10 2.74454092963e-03 -5.50748026970e-05
2.63026799190e+10 2.74454096971e-03 -5.38211525614e-05
2.69153480393e+10 2.74454100798e-03 -5.25960386244e-05
2.75422870334e+10 2.74454104454e-03 -5.13988113470e-05
2.81838293126e+10 2.74454107945e-03 -5.02288359740e-05
2.88403150313e+10 2.74454111279e-03 -4.90854921973e-05
2.95120922667e+10 2.74454114463e-03 -4.79681738274e-05
3.01995172040e+10 2.74454117504e-03 -4.68762884722e-05
3.09029543251e+10 2.74454120408e-03 -4.58092572226e-05
3.16227766017e+10 2.74454123182e-03 -4.47665143461e-05
3.23593656930e+10 2.74454125831e-03 -4.37475069868e-05
3.31131121483e+10 2.74454128361e-03 -4.27516948723e-05
3.38844156139e+10 2.74454130776e-03 -4.17785500273e-05
3.46736850453e+10 2.74454133084e-03 -4.08275564939e-05
3.54813389234e+10 2.74454135287e-03 -3.98982100579e-05
3.63078054770e+10 2.74454137392e-03 -3.89900179820e-05
3.71535229097e+10 2.74454139401e-03 -3.81024987438e-05
3.80189396321e+10 2.74454141321e-03 -3.72351817814e-05
3.89045144994e+10 2.74454143154e-03 -3.63876072433e-05
3.98107170553e+10 2.74454144904e-03 -3.55593257452e-05
4.07380277804e+10 2.74454146576e-03 -3.47498981314e-05
4.16869383470e+10 2.74454148172e-03 -3.39588952419e-05
4.26579518802e+10 2.74454149697e-03 -3.31858976855e-05
4.36515832240e+10 2.74454151153e-03 -3.24304956166e-05
4.46683592151e+10 2.74454152544e-03 -3.16922885189e-05
4.57088189615e+10 2.74454153872e-03 -3.09708849923e-05
4.67735141287e+10 2.74454155140e-03 -3.02659025457e-05
4.78630092323e+10 2.74454156351e-03 -2.95769673943e-05
4.89778819368e+10 2.74454157508e-03 -2.89037142614e-05
5.01187233627e+10 2.74454158613e-03 -2.82457861848e-05
5.12861383991e+10 2.74454159668e-03 -2.76028343271e-05
5.24807460250e+10 2.74454160675e-03 -2.69745177917e-05
5.37031796370e+10 2.74454161637e-03 -2.63605034411e-05
5.49540873858e+10 2.74454162556e-03 -2.57604657210e-05
5.62341325190e+10 2.74454163434e-03 -2.51740864871e-05
5.75439937337e+10 2.74454164272e-03 -2.46010548372e-05
5.88843655356e+10 2.74454165072e-03 -2.40410669454e-05
6.02559586074e+10 2.74454165837e-03 -2.34938259020e-05
6.16595001861e+10 2.74454166567e-03 -2.29590415555e-05
6.30957344480e+10 2.74454167264e-03 -2.24364303587e-05
6.45654229035e+10 2.74454167929e-03 -2.19257152189e-05
6.60693448008e+10 2.74454168565e-03 -2.14266253505e-05
6.76082975392e+10 2.74454169172e-03 -2.09388961316e-05
6.91830970919e+10 2.74454169752e-03 -2.04622689638e-05
7.07945784384e+10 2.74454170306e-03 -1.99964911350e-05
7.24435960075e+10 2.74454170835e-03 -1.95413156854e-05
7.41310241301e+10 2.74454171340e-03 -1.90965012767e-05
7.58577575029e+10 2.74454171822e-03 -1.86618120639e-05
7.76247116629e+10 2.74454172282e-03 -1.82370175705e-05
7.94328234724e+10 2.74454172722e-03 -1.78218925662e-05
8.12830516164e+10 2.74454173142e-03 -1.74162169475e-05
8.31763771103e+10 2.74454173544e-03 -1.70197756210e-05
8.51138038202e+10 2.74454173927e-03 -1.66323583893e-05
8.70963589956e+10 2.74454174293e-03 -1.62537598398e-05
8.91250938134e+10 2.74454174642e-03 -1.58837792354e-05
9.12010839356e+10 2.74454174976e-03 -1.55222204085e-05
9.33254300797e+10 2.74454175294e-03 -1.51688916566e-05
9.54992586021e+10 2.74454175599e-03 -1.48236056409e-05
9.77237220956e+10 2.74454175889e-03 -1.44861792869e-05
1.00000000000e+11 2.74454176167e-03 -1.41564336873e-05
