# TEMPERATURE = 2.500000e+01
# FREQ WR(AV) WI(AV)
1.00000000000e+00 1.56324467608e+03 -6.79508335448e-01
1.02329299228e+00 1.56324466216e+03 -6.95336111675e-01
1.04712854805e+00 1.56324464759e+03 -7.11532563729e-01
1.07151930524e+00 1.56324463234e+03 -7.28106279142e-01
1.09647819614e+00 1.56324461636e+03 -7.45066045472e-01
1.12201845430e+00 1.56324459964e+03 -7.62420854964e-01
1.14815362150e+00 1.56324458212e+03 -7.80179909316e-01
1.17489755494e+00 1.56324456378e+03 -7.98352624560e-01
1.20226443462e+00 1.56324454458e+03 -8.16948636049e-01
1.23026877081e+00 1.56324452446e+03 -8.35977803574e-01
1.25892541179e+00 1.56324450341e+03 -8.55450216582e-01
1.28824955169e+00 1.56324448136e+03 -8.75376199532e-01
1.31825673856e+00 1.56324445827e+03 -8.95766317366e-01
1.34896288259e+00 1.56324443409e+03 -9.16631381112e-01
1.38038426460e+00 1.56324440877e+03 -9.37982453613e-01
1.41253754462e+00 1.56324438226e+03 -9.59830855395e-01
1.44543977075e+00 1.56324435450e+03 -9.82188170668e-01
1.47910838817e+00 1.56324432543e+03 -1.00506625347e+00
1.51356124844e+00 1.56324429499e+03 -1.02847723393e+00
1.54881661891e+00 1.56324426312e+03 -1.05243352476e+00
1.58489319246e+00 1.56324422974e+03 -1.07694782775e+00
1.62181009736e+00 1.56324419480e+03 -1.10203314056e+00
1.65958690744e+00 1.56324415820e+03 -1.12770276361e+00
1.69824365246e+00 1.56324411988e+03 -1.15397030711e+00
1.73780082875e+00 1.56324407976e+03 -1.18084969827e+00
1.77827941004e+00 1.56324403774e+03 -1.20835518871e+00
1.81970085861e+00 1.56324399374e+03 -1.23650136201e+00
1.86208713666e+00 1.56324394767e+03 -1.26530314142e+00
1.90546071796e+00 1.56324389943e+03 -1.29477579779e+00
1.94984459976e+00 1.56324384892e+03 -1.32493495766e+00
1.99526231497e+00 1.56324379602e+03 -1.35579661155e+00
2.04173794467e+00 1.56324374063e+03 -1.38737712243e+00
2.08929613085e+00 1.56324368263e+03 -1.41969323438e+00
2.13796208950e+00 1.56324362190e+03 -1.45276208152e+00
2.18776162395e+00 1.56324355830e+03 -1.48660119703e+00
2.23872113857e+00 1.56324349171e+03 -1.52122852247e+00
2.29086765277e+00 1.56324342198e+03 -1.55666241730e+00
2.34422881532e+00 1.56324334897e+03 -1.59292166860e+00
2.39883291902e+00 1.56324327251e+03 -1.63002550105e+00
2.45470891569e+00 1.56324319245e+03 -1.66799358708e+00
2.51188643151e+00 1.56324310861e+03 -1.70684605734e+00
2.57039578277e+00 1.56324302083e+03 -1.74660351135e+00
2.63026799190e+00 1.56324292890e+03 -1.78728702841e+00
2.69153480393e+00 1.56324283265e+03 -1.82891817881e+00
2.75422870334e+00 1.56324273186e+03 -1.87151903523e+00
2.81838293126e+00 1.56324262632e+03 -1.91511218444e+00
2.88403150313e+00 1.56324251580e+03 -1.95972073930e+00
2.95120922667e+00 1.56324240008e+03 -2.00536835097e+00
3.01995172040e+00 1.56324227890e+03 -2.05207922150e+00
3.09029543251e+00 1.56324215201e+03 -2.09987811661e+00
3.16227766017e+00 1.56324201915e+03 -2.14879037883e+00
3.23593656930e+00 1.56324188002e+03 -2.19884194094e+00
3.31131121483e+00 1.56324173433e+03 -2.25005933971e+00
3.38844156139e+00 1.56324158178e+03 -2.30246972996e+00
3.46736850453e+00 1.56324142203e+03 -2.35610089897e+00
3.54813389234e+00 1.56324125476e+03 -2.41098128118e+00
3.63078054770e+00 1.56324107961e+03 -2.46713997326e+00
3.71535229097e+00 1.56324089620e+03 -2.52460674956e+00
3.80189396321e+00 1.56324070415e+03 -2.58341207787e+00
3.89045144994e+00 1.56324050304e+03 -2.64358713555e+00
3.98107170553e+00 1.56324029246e+03 -2.70516382607e+00
4.07380277804e+00 1.56324007196e+03 -2.76817479592e+00
4.16869383470e+00 1.56323984106e+03 -2.83265345190e+00
4.26579518802e+00 1.56323959928e+03 -2.89863397880e+00
4.36515832240e+00 1.56323934611e+03 -2.96615135756e+00
4.46683592151e+00 1.56323908100e+03 -3.03524138376e+00
4.57088189615e+00 1.56323880340e+03 -3.10594068661e+00
4.67735141287e+00 1.56323851272e+03 -3.17828674836e+00
4.78630092323e+00 1.56323820834e+03 -3.25231792411e+00
4.89778819368e+00 1.56323788961e+03 -3.32807346221e+00
5.01187233627e+00 1.56323755586e+03 -3.40559352496e+00
5.12861383991e+00 1.56323720638e+03 -3.48491920996e+00
5.24807460250e+00 1.56323684044e+03 -3.56609257184e+00
5.37031796370e+00 1.56323645724e+03 -3.64915664454e+00
5.49540873858e+00 1.56323605599e+03 -3.73415546411e+00
5.62341325190e+00 1.56323563583e+03 -3.82113409200e+00
5.75439937337e+00 1.56323519587e+03 -3.91013863899e+00
5.88843655356e+00 1.56323473517e+03 -4.00121628955e+00
6.02559586074e+00 1.56323425276e+03 -4.09441532682e+00
6.16595001861e+00 1.56323374761e+03 -4.18978515823e+00
6.30957344480e+00 1.56323321866e+03 -4.28737634160e+00
6.45654229035e+00 1.56323266478e+03 -4.38724061196e+00
6.60693448008e+00 1.56323208480e+03 -4.48943090888e+00
6.76082975392e+00 1.56323147748e+03 -4.59400140454e+00
6.91830970919e+00 1.56323084154e+03 -4.70100753236e+00
7.07945784384e+00 1.56323017563e+03 -4.81050601639e+00
7.24435960075e+00 1.56322947834e+03 -4.92255490129e+00
7.41310241301e+00 1.56322874819e+03 -5.03721358304e+00
7.58577575029e+00 1.56322798363e+03 -5.15454284040e+00
7.76247116629e+00 1.56322718303e+03 -5.27460486704e+00
7.94328234724e+00 1.56322634471e+03 -5.39746330444e+00
8.12830516164e+00 1.56322546687e+03 -5.52318327558e+00
8.31763771103e+00 1.56322454767e+03 -5.65183141932e+00
8.51138038202e+00 1.56322358515e+03 -5.78347592573e+00
8.70963589956e+00 1.56322257727e+03 -5.91818657206e+00
8.91250938134e+00 1.56322152188e+03 -6.05603475969e+00
9.12010839356e+00 1.56322041676e+03 -6.19709355182e+00
9.33254300797e+00 1.56321925956e+03 -6.34143771215e+00
9.54992586021e+00 1.56321804783e+03 -6.48914374434e+00
9.77237220956e+00 1.56321677899e+03 -6.64028993244e+00
1.00000000000e+01 1.56321545035e+03 -6.79495638227e+00
1.02329299228e+01 1.56321405910e+03 -6.95322506369e+00
1.04712854805e+01 1.56321260228e+03 -7.11517985395e+00
1.07151930524e+01 1.56321107681e+03 -7.28090658191e+00
1.09647819614e+01 1.56320947945e+03 -7.45049307339e+00
1.12201845430e+01 1.56320780681e+03 -7.62402919750e+00
1.14815362150e+01 1.56320605535e+03 -7.80160691410e+00
1.17489755494e+01 1.56320422134e+03 -7.98332032227e+00
1.20226443462e+01 1.56320230091e+03 -8.16926570994e+00
1.23026877081e+01 1.56320028997e+03 -8.35954160472e+00
1.25892541179e+01 1.56319818427e+03 -8.55424882576e+00
1.28824955169e+01 1.56319597934e+03 -8.75349053694e+00
1.31825673856e+01 1.56319367049e+03 -8.95737230120e+00
1.34896288259e+01 1.56319125284e+03 -9.16600213615e+00
1.38038426460e+01 1.56318872126e+03 -9.37949057094e+00
1.41253754462e+01 1.56318607038e+03 -9.59795070441e+00
1.44543977075e+01 1.56318329457e+03 -9.82149826468e+00
1.47910838817e+01 1.56318038796e+03 -1.00502516699e+01
1.51356124844e+01 1.56317734437e+03 -1.02843320907e+01
1.54881661891e+01 1.56317415736e+03 -1.05238635136e+01
1.58489319246e+01 1.56317082016e+03 -1.07689728065e+01
1.62181009736e+01 1.56316732570e+03 -1.10197897850e+01
1.65958690744e+01 1.56316366656e+03 -1.12764472805e+01
1.69824365246e+01 1.56315983500e+03 -1.15390812104e+01
1.73780082875e+01 1.56315582288e+03 -1.18078306487e+01
1.77827941004e+01 1.56315162169e+03 -1.20828378993e+01
1.81970085861e+01 1.56314722254e+03 -1.23642485706e+01
1.86208713666e+01 1.56314261608e+03 -1.26522116513e+01
1.90546071796e+01 1.56313779256e+03 -1.29468795889e+01
1.94984459976e+01 1.56313274174e+03 -1.32484083689e+01
1.99526231497e+01 1.56312745293e+03 -1.35569575967e+01
2.04173794467e+01 1.56312191489e+03 -1.38726905807e+01
2.08929613085e+01 1.56311611590e+03 -1.41957744177e+01
2.13796208950e+01 1.56311004366e+03 -1.45263800799e+01
2.18776162395e+01 1.56310368529e+03 -1.48646825039e+01
2.23872113857e+01 1.56309702731e+03 -1.52108606819e+01
2.29086765277e+01 1.56309005562e+03 -1.55650977548e+01
2.34422881532e+01 1.56308275543e+03 -1.59275811072e+01
2.39883291902e+01 1.56307511126e+03 -1.62985024648e+01
2.45470891569e+01 1.56306710691e+03 -1.66780579940e+01
2.51188643151e+01 1.56305872542e+03 -1.70664484030e+01
2.57039578277e+01 1.56304994902e+03 -1.74638790463e+01
2.63026799190e+01 1.56304075910e+03 -1.78705600302e+01
2.69153480393e+01 1.56303113619e+03 -1.82867063219e+01
2.75422870334e+01 1.56302105990e+03 -1.87125378597e+01
2.81838293126e+01 1.56301050886e+03 -1.91482796667e+01
2.88403150313e+01 1.56299946072e+03 -1.95941619665e+01
2.95120922667e+01 1.56298789207e+03 -2.00504203008e+01
3.01995172040e+01 1.56297577838e+03 -2.05172956511e+01
3.09029543251e+01 1.56296309400e+03 -2.09950345610e+01
3.16227766017e+01 1.56294981204e+03 -2.14838892630e+01
3.23593656930e+01 1.56293590436e+03 -2.19841178067e+01
3.31131121483e+01 1.56292134150e+03 -2.24959841901e+01
3.38844156139e+01 1.56290609260e+03 -2.30197584940e+01
3.46736850453e+01 1.56289012536e+03 -2.35557170187e+01
3.54813389234e+01 1.56287340596e+03 -2.41041424239e+01
3.63078054770e+01 1.56285589898e+03 -2.46653238713e+01
3.71535229097e+01 1.56283756734e+03 -2.52395571700e+01
3.80189396321e+01 1.56281837222e+03 -2.58271449256e+01
3.89045144994e+01 1.56279827297e+03 -2.64283966913e+01
3.98107170553e+01 1.56277722702e+03 -2.70436291226e+01
4.07380277804e+01 1.56275518982e+03 -2.76731661353e+01
4.16869383470e+01 1.56273211470e+03 -2.83173390660e+01
4.26579518802e+01 1.56270795281e+03 -2.89764868364e+01
4.36515832240e+01 1.56268265301e+03 -2.96509561202e+01
4.46683592151e+01 1.56265616174e+03 -3.03411015140e+01
4.57088189615e+01 1.56262842294e+03 -3.10472857102e+01
4.67735141287e+01 1.56259937791e+03 -3.17698796747e+01
4.78630092323e+01 1.56256896518e+03 -3.25092628266e+01
4.89778819368e+01 1.56253712041e+03 -3.32658232220e+01
5.01187233627e+01 1.56250377624e+03 -3.40399577408e+01
5.12861383991e+01 1.56246886212e+03 -3.48320722767e+01
5.24807460250e+01 1.56243230423e+03 -3.56425819309e+01
5.37031796370e+01 1.56239402525e+03 -3.64719112091e+01
5.49540873858e+01 1.56235394424e+03 -3.73204942213e+01
5.62341325190e+01 1.56231197648e+03 -3.81887748856e+01
5.75439937337e+01 1.56226803326e+03 -3.90772071350e+01
5.88843655356e+01 1.56222202170e+03 -3.99862551273e+01
6.02559586074e+01 1.56217384459e+03 -4.09163934586e+01
6.16595001861e+01 1.56212340014e+03 -4.18681073800e+01
6.30957344480e+01 1.56207058181e+03 -4.28418930170e+01
6.45654229035e+01 1.56201527805e+03 -4.38382575923e+01
6.60693448008e+01 1.56195737211e+03 -4.48577196519e+01
6.76082975392e+01 1.56189674173e+03 -4.59008092936e+01
6.91830970919e+01 1.56183325898e+03 -4.69680683989e+01
7.07945784384e+01 1.56176678991e+03 -4.80600508669e+01
7.24435960075e+01 1.56169719431e+03 -4.91773228518e+01
7.41310241301e+01 1.56162432541e+03 -5.03204630018e+01
7.58577575029e+01 1.56154802959e+03 -5.14900627014e+01
7.76247116629e+01 1.56146814605e+03 -5.26867263149e+01
7.94328234724e+01 1.56138450646e+03 -5.39110714324e+01
8.12830516164e+01 1.56129693467e+03 -5.51637291175e+01
8.31763771103e+01 1.56120524626e+03 -5.64453441562e+01
8.51138038202e+01 1.56110924824e+03 -5.77565753074e+01
8.70963589956e+01 1.56100873863e+03 -5.90980955539e+01
8.91250938134e+01 1.56090350600e+03 -6.04705923545e+01
9.12010839356e+01 1.56079332912e+03 -6.18747678963e+01
9.33254300797e+01 1.56067797641e+03 -6.33113393461e+01
9.54992586021e+01 1.56055720557e+03 -6.47810391027e+01
9.77237220956e+01 1.56043076299e+03 -6.62846150467e+01
1.00000000000e+02 1.56029838331e+03 -6.78228307900e+01
1.02329299228e+02 1.56015978882e+03 -6.93964659226e+01
1.04712854805e+02 1.56001468895e+03 -7.10063162569e+01
1.07151930524e+02 1.55986277964e+03 -7.26531940686e+01
1.09647819614e+02 1.55970374276e+03 -7.43379283344e+01
1.12201845430e+02 1.55953724543e+03 -7.60613649639e+01
1.14815362150e+02 1.55936293941e+03 -7.78243670265e+01
1.17489755494e+02 1.55918046033e+03 -7.96278149722e+01
1.20226443462e+02 1.55898942702e+03 -8.14726068444e+01
1.23026877081e+02 1.55878944072e+03 -8.33596584851e+01
1.25892541179e+02 1.55858008432e+03 -8.52899037294e+01
1.28824955169e+02 1.55836092149e+03 -8.72642945909e+01
1.31825673856e+02 1.55813149586e+03 -8.92838014338e+01
1.34896288259e+02 1.55789133008e+03 -9.13494131324e+01
1.38038426460e+02 1.55763992493e+03 -9.34621372157e+01
1.41253754462e+02 1.55737675834e+03 -9.56229999949e+01
1.44543977075e+02 1.55710128433e+03 -9.78330466740e+01
1.47910838817e+02 1.55681293200e+03 -1.00093341440e+02
1.51356124844e+02 1.55651110443e+03 -1.02404967529e+02
1.54881661891e+02 1.55619517752e+03 -1.04769027273e+02
1.58489319246e+02 1.55586449878e+03 -1.07186642116e+02
1.62181009736e+02 1.55551838615e+03 -1.09658952604e+02
1.65958690744e+02 1.55515612666e+03 -1.12187118340e+02
1.69824365246e+02 1.55477697511e+03 -1.14772317913e+02
1.73780082875e+02 1.55438015269e+03 -1.17415748780e+02
1.77827941004e+02 1.55396484555e+03 -1.20118627114e+02
1.81970085861e+02 1.55353020325e+03 -1.22882187608e+02
1.86208713666e+02 1.55307533728e+03 -1.25707683231e+02
1.90546071796e+02 1.55259931939e+03 -1.28596384932e+02
1.94984459976e+02 1.55210117996e+03 -1.31549581294e+02
1.99526231497e+02 1.55157990625e+03 -1.34568578120e+02
2.04173794467e+02 1.55103444061e+03 -1.37654697964e+02
2.08929613085e+02 1.55046367867e+03 -1.40809279590e+02
2.13796208950e+02 1.54986646737e+03 -1.44033677358e+02
2.18776162395e+02 1.54924160302e+03 -1.47329260527e+02
2.23872113857e+02 1.54858782924e+03 -1.50697412478e+02
2.29086765277e+02 1.54790383489e+03 -1.54139529845e+02
2.34422881532e+02 1.54718825185e+03 -1.57657021547e+02
2.39883291902e+02 1.54643965283e+03 -1.61251307718e+02
2.45470891569e+02 1.54565654905e+03 -1.64923818520e+02
2.51188643151e+02 1.54483738790e+03 -1.68675992847e+02
2.57039578277e+02 1.54398055048e+03 -1.72509276892e+02
2.63026799190e+02 1.54308434917e+03 -1.76425122585e+02
2.69153480393e+02 1.54214702503e+03 -1.80424985884e+02
2.75422870334e+02 1.54116674525e+03 -1.84510324916e+02
2.81838293126e+02 1.54014160045e+03 -1.88682597952e+02
2.88403150313e+02 1.53906960200e+03 -1.92943261212e+02
2.95120922667e+02 1.53794867929e+03 -1.97293766484e+02
3.01995172040e+02 1.53677667686e+03 -2.01735558552e+02
3.09029543251e+02 1.53555135164e+03 -2.06270072419e+02
3.16227766017e+02 1.53427037008e+03 -2.10898730311e+02
3.23593656930e+02 1.53293130520e+03 -2.15622938451e+02
3.31131121483e+02 1.53153163376e+03 -2.20444083601e+02
3.38844156139e+02 1.53006873330e+03 -2.25363529335e+02
3.46736850453e+02 1.52853987926e+03 -2.30382612061e+02
3.54813389234e+02 1.52694224205e+03 -2.35502636754e+02
3.63078054770e+02 1.52527288424e+03 -2.40724872394e+02
3.71535229097e+02 1.52352875768e+03 -2.46050547108e+02
3.80189396321e+02 1.52170670077e+03 -2.51480842975e+02
3.89045144994e+02 1.51980343575e+03 -2.57016890514e+02
3.98107170553e+02 1.51781556608e+03 -2.62659762812e+02
4.07380277804e+02 1.51573957399e+03 -2.68410469294e+02
4.16869383470e+02 1.51357181811e+03 -2.74269949124e+02
4.26579518802e+02 1.51130853128e+03 -2.80239064214e+02
4.36515832240e+02 1.50894581856e+03 -2.86318591836e+02
4.46683592151e+02 1.50647965543e+03 -2.92509216824e+02
4.57088189615e+02 1.50390588626e+03 -2.98811523364e+02
4.67735141287e+02 1.50122022309e+03 -3.05225986342e+02
4.78630092323e+02 1.49841824463e+03 -3.11752962271e+02
4.89778819368e+02 1.49549539576e+03 -3.18392679770e+02
5.01187233627e+02 1.49244698729e+03 -3.25145229598e+02
5.12861383991e+02 1.48926819629e+03 -3.32010554248e+02
5.24807460250e+02 1.48595406681e+03 -3.38988437091e+02
5.37031796370e+02 1.48249951116e+03 -3.46078491087e+02
5.49540873858e+02 1.47889931188e+03 -3.53280147058e+02
5.62341325190e+02 1.47514812421e+03 -3.60592641551e+02
5.75439937337e+02 1.47124047936e+03 -3.68015004287e+02
5.88843655356e+02 1.46717078851e+03 -3.75546045239e+02
6.02559586074e+02 1.46293334767e+03 -3.83184341349e+02
6.16595001861e+02 1.45852234338e+03 -3.90928222916e+02
6.30957344480e+02 1.45393185937e+03 -3.98775759713e+02
6.45654229035e+02 1.44915588429e+03 -4.06724746850e+02
6.60693448008e+02 1.44418832048e+03 -4.14772690453e+02
6.76082975392e+02 1.43902299386e+03 -4.22916793219e+02
6.91830970919e+02 1.43365366512e+03 -4.31153939909e+02
7.07945784384e+02 1.42807404212e+03 -4.39480682855e+02
7.24435960075e+02 1.42227779367e+03 -4.47893227576e+02
7.41310241301e+02 1.41625856467e+03 -4.56387418589e+02
7.58577575029e+02 1.41000999274e+03 -4.64958725533e+02
7.76247116629e+02 1.40352572634e+03 -4.73602229702e+02
7.94328234724e+02 1.39679944442e+03 -4.82312611137e+02
8.12830516164e+02 1.38982487770e+03 -4.91084136398e+02
8.31763771103e+02 1.38259583145e+03 -4.99910647157e+02
8.51138038202e+02 1.37510621000e+03 -5.08785549792e+02
8.70963589956e+02 1.36735004281e+03 -5.17701806121e+02
8.91250938134e+02 1.35932151213e+03 -5.26651925464e+02
9.12010839356e+02 1.35101498228e+03 -5.35627958217e+02
9.33254300797e+02 1.34242503043e+03 -5.44621491117e+02
9.54992586021e+02 1.33354647883e+03 -5.53623644398e+02
9.77237220956e+02 1.32437442847e+03 -5.62625071040e+02
1.00000000000e+03 1.31490429398e+03 -5.71615958297e+02
1.02329299228e+03 1.30513183963e+03 -5.80586031718e+02
1.04712854805e+03 1.29505321638e+03 -5.89524561845e+02
1.07151930524e+03 1.28466499967e+03 -5.98420373785e+02
1.09647819614e+03 1.27396422784e+03 -6.07261859836e+02
1.12201845430e+03 1.26294844088e+03 -6.16036995330e+02
1.14815362150e+03 1.25161571926e+03 -6.24733357851e+02
1.17489755494e+03 1.23996472260e+03 -6.33338149967e+02
1.20226443462e+03 1.22799472777e+03 -6.41838225573e+02
1.23026877081e+03 1.21570566623e+03 -6.50220119934e+02
1.25892541179e+03 1.20309816000e+03 -6.58470083480e+02
1.28824955169e+03 1.19017355624e+03 -6.66574119375e+02
1.31825673856e+03 1.17693395969e+03 -6.74518024818e+02
1.34896288259e+03 1.16338226278e+03 -6.82287436035e+02
1.38038426460e+03 1.14952217292e+03 -6.89867876832e+02
1.41253754462e+03 1.13535823661e+03 -6.97244810563e+02
1.44543977075e+03 1.12089585985e+03 -7.04403695297e+02
1.47910838817e+03 1.10614132461e+03 -7.11330041934e+02
1.51356124844e+03 1.09110180074e+03 -7.18009474942e+02
1.54881661891e+03 1.07578535330e+03 -7.24427795381e+02
1.58489319246e+03 1.06020094460e+03 -7.30571045768e+02
1.62181009736e+03 1.04435843091e+03 -7.36425576358e+02
1.65958690744e+03 1.02826855359e+03 -7.41978112314e+02
1.69824365246e+03 1.01194292424e+03 -7.47215821234e+02
1.73780082875e+03 9.95394003953e+02 -7.52126380467e+02
1.77827941004e+03 9.78635076512e+02 -7.56698043601e+02
1.81970085861e+03 9.61680215468e+02 -7.60919705521e+02
1.86208713666e+03 9.44544245248e+02 -7.64780965385e+02
1.90546071796e+03 9.27242696380e+02 -7.68272186907e+02
1.94984459976e+03 9.09791755071e+02 -7.71384555308e+02
1.99526231497e+03 8.92208207398e+02 -7.74110130334e+02
2.04173794467e+03 8.74509378507e+02 -7.76441894758e+02
2.08929613085e+03 8.56713067215e+02 -7.78373797833e+02
2.13796208950e+03 8.38837476537e+02 -7.79900793202e+02
2.18776162395e+03 8.20901140680e+02 -7.81018870813e+02
2.23872113857e+03 8.02922849115e+02 -7.81725082493e+02
2.29086765277e+03 7.84921568377e+02 -7.82017560851e+02
2.34422881532e+03 7.66916362290e+02 -7.81895531305e+02
2.39883291902e+03 7.48926311303e+02 -7.81359317084e+02
2.45470891568e+03 7.30970431695e+02 -7.80410337139e+02
2.51188643151e+03 7.13067595340e+02 -7.79051096993e+02
2.57039578277e+03 6.95236450774e+02 -7.77285172646e+02
2.63026799190e+03 6.77495346258e+02 -7.75117187707e+02
2.69153480393e+03 6.59862255487e+02 -7.72552784052e+02
2.75422870334e+03 6.42354706597e+02 -7.69598586325e+02
2.81838293126e+03 6.24989715027e+02 -7.66262160713e+02
2.88403150313e+03 6.07783720770e+02 -7.62551968456e+02
2.95120922667e+03 5.90752530464e+02 -7.58477314618e+02
3.01995172040e+03 5.73911264716e+02 -7.54048292679e+02
3.09029543251e+03 5.57274310973e+02 -7.49275725554e+02
3.16227766017e+03 5.40855282185e+02 -7.44171103643e+02
3.23593656930e+03 5.24666981430e+02 -7.38746520555e+02
3.31131121483e+03 5.08721372581e+02 -7.33014607131e+02
3.38844156139e+03 4.93029557061e+02 -7.26988464396e+02
3.46736850453e+03 4.77601756607e+02 -7.20681596048e+02
3.54813389234e+03 4.62447301951e+02 -7.14107841069e+02
3.63078054770e+03 4.47574627240e+02 -7.07281307022e+02
3.71535229097e+03 4.32991269957e+02 -7.00216304540e+02
3.80189396321e+03 4.18703876082e+02 -6.92927283493e+02
3.89045144994e+03 4.04718210169e+02 -6.85428771269e+02
3.98107170553e+03 3.91039169987e+02 -6.77735313531e+02
4.07380277804e+03 3.77670805366e+02 -6.69861417809e+02
4.16869383470e+03 3.64616340821e+02 -6.61821500186e+02
4.26579518802e+03 3.51878201587e+02 -6.53629835317e+02
4.36515832240e+03 3.39458042614e+02 -6.45300509960e+02
4.46683592151e+03 3.27356780124e+02 -6.36847380141e+02
4.57088189615e+03 3.15574625329e+02 -6.28284032051e+02
4.67735141287e+03 3.04111119885e+02 -6.19623746692e+02
4.78630092323e+03 2.92965172723e+02 -6.10879468304e+02
4.89778819368e+03 2.82135097873e+02 -6.02063776497e+02
5.01187233627e+03 2.71618652935e+02 -5.93188862053e+02
5.12861383991e+03 2.61413077879e+02 -5.84266506278e+02
5.24807460250e+03 2.51515133872e+02 -5.75308063784e+02
5.37031796370e+03 2.41921141853e+02 -5.66324448564e+02
5.49540873858e+03 2.32627020614e+02 -5.57326123180e+02
5.62341325190e+03 2.23628324173e+02 -5.48323090910e+02
5.75439937337e+03 2.14920278227e+02 -5.39324890647e+02
5.88843655356e+03 2.06497815537e+02 -5.30340594370e+02
6.02559586074e+03 1.98355610098e+02 -5.21378806983e+02
6.16595001861e+03 1.90488109960e+02 -5.12447668318e+02
6.30957344480e+03 1.82889568633e+02 -5.03554857122e+02
6.45654229035e+03 1.75554074978e+02 -4.94707596806e+02
6.60693448008e+03 1.68475581540e+02 -4.85912662787e+02
6.76082975392e+03 1.61647931290e+02 -4.77176391223e+02
6.91830970919e+03 1.55064882749e+02 -4.68504688979e+02
7.07945784384e+03 1.48720133497e+02 -4.59903044639e+02
7.24435960075e+03 1.42607342068e+02 -4.51376540408e+02
7.41310241301e+03 1.36720148262e+02 -4.42929864767e+02
7.58577575029e+03 1.31052191891e+02 -4.34567325720e+02
7.76247116629e+03 1.25597130009e+02 -4.26292864519e+02
7.94328234724e+03 1.20348652665e+02 -4.18110069734e+02
8.12830516164e+03 1.15300497241e+02 -4.10022191577e+02
8.31763771103e+03 1.10446461414e+02 -4.02032156350e+02
8.51138038202e+03 1.05780414818e+02 -3.94142580964e+02
8.70963589956e+03 1.01296309470e+02 -3.86355787416e+02
8.91250938134e+03 9.69881890072e+01 -3.78673817169e+02
9.12010839356e+03 9.28501968194e+01 -3.71098445372e+02
9.33254300797e+03 8.88765831375e+01 -3.63631194850e+02
9.54992586021e+03 8.50617111374e+01 -3.56273349837e+02
9.77237220956e+03 8.14000621328e+01 -3.49025969397e+02
1.00000000000e+04 7.78862399151e+01 -3.41889900496e+02
1.02329299228e+04 7.45149743061e+01 -3.34865790709e+02
1.04712854805e+04 7.12811239806e+01 -3.27954100534e+02
1.07151930524e+04 6.81796786196e+01 -3.21155115283e+02
1.09647819614e+04 6.52057604477e+01 -3.14468956555e+02
1.12201845430e+04 6.23546252097e+01 -3.07895593272e+02
1.14815362150e+04 5.96216626355e+01 -3.01434852269e+02
1.17489755494e+04 5.70023964425e+01 -2.95086428441e+02
1.20226443462e+04 5.44924839202e+01 -2.88849894448e+02
1.23026877081e+04 5.20877151402e+01 -2.82724709970e+02
1.25892541179e+04 4.97840118308e+01 -2.76710230531e+02
1.28824955169e+04 4.75774259544e+01 -2.70805715893e+02
1.31825673856e+04 4.54641380227e+01 -2.65010338019e+02
1.34896288259e+04 4.34404551815e+01 -2.59323188630e+02
1.38038426460e+04 4.15028090958e+01 -2.53743286358e+02
1.41253754462e+04 3.96477536623e+01 -2.48269583503e+02
1.44543977075e+04 3.78719625761e+01 -2.42900972416e+02
1.47910838817e+04 3.61722267740e+01 -2.37636291512e+02
1.51356124844e+04 3.45454517758e+01 -2.32474330936e+02
1.54881661891e+04 3.29886549451e+01 -2.27413837880e+02
1.58489319246e+04 3.14989626854e+01 -2.22453521579e+02
1.62181009736e+04 3.00736075884e+01 -2.17592057996e+02
1.65958690744e+04 2.87099255505e+01 -2.12828094207e+02
1.69824365246e+04 2.74053528691e+01 -2.08160252495e+02
1.73780082875e+04 2.61574233307e+01 -2.03587134181e+02
1.77827941004e+04 2.49637653034e+01 -1.99107323189e+02
1.81970085861e+04 2.38220988407e+01 -1.94719389369e+02
1.86208713666e+04 2.27302328067e+01 -1.90421891581e+02
1.90546071796e+04 2.16860620295e+01 -1.86213380565e+02
1.94984459976e+04 2.06875644900e+01 -1.82092401596e+02
1.99526231497e+04 1.97327985498e+01 -1.78057496938e+02
2.04173794467e+04 1.88199002265e+01 -1.74107208118e+02
2.08929613085e+04 1.79470805165e+01 -1.70240078020e+02
2.13796208950e+04 1.71126227726e+01 -1.66454652807e+02
2.18776162395e+04 1.63148801364e+01 -1.62749483696e+02
2.23872113857e+04 1.55522730301e+01 -1.59123128574e+02
2.29086765277e+04 1.48232867079e+01 -1.55574153489e+02
2.34422881532e+04 1.41264688704e+01 -1.52101133994e+02
2.39883291902e+04 1.34604273404e+01 -1.48702656384e+02
2.45470891568e+04 1.28238278046e+01 -1.45377318812e+02
2.51188643151e+04 1.22153916177e+01 -1.42123732295e+02
2.57039578277e+04 1.16338936715e+01 -1.38940521625e+02
2.63026799190e+04 1.10781603294e+01 -1.35826326186e+02
2.69153480393e+04 1.05470674231e+01 -1.32779800677e+02
2.75422870334e+04 1.00395383141e+01 -1.29799615766e+02
2.81838293126e+04 9.55454201827e+00 -1.26884458653e+02
2.88403150313e+04 9.09109139118e+00 -1.24033033575e+02
2.95120922667e+04 8.64824137612e+00 -1.21244062239e+02
3.01995172040e+04 8.22508731126e+00 -1.18516284194e+02
3.09029543251e+04 7.82076329612e+00 -1.15848457150e+02
3.16227766017e+04 7.43444061584e+00 -1.13239357240e+02
3.23593656930e+04 7.06532622179e+00 -1.10687779238e+02
3.31131121483e+04 6.71266126752e+00 -1.08192536728e+02
3.38844156139e+04 6.37571969837e+00 -1.05752462232e+02
3.46736850453e+04 6.05380689358e+00 -1.03366407306e+02
3.54813389234e+04 5.74625835933e+00 -1.01033242591e+02
3.63078054770e+04 5.45243847135e+00 -9.87518578370e+01
3.71535229097e+04 5.17173926565e+00 -9.65211619008e+01
3.80189396321e+04 4.90357927586e+00 -9.43400827076e+01
3.89045144994e+04 4.64740241590e+00 -9.22075671948e+01
3.98107170553e+04 4.40267690633e+00 -9.01225812309e+01
4.07380277804e+04 4.16889424317e+00 -8.80841095127e+01
4.16869383470e+04 3.94556820770e+00 -8.60911554450e+01
4.26579518802e+04 3.73223391577e+00 -8.41427410025e+01
4.36515832240e+04 3.52844690551e+00 -8.22379065762e+01
4.46683592151e+04 3.33378226183e+00 -8.03757108063e+01
4.57088189615e+04 3.14783377659e+00 -7.85552304023e+01
4.67735141287e+04 2.97021314312e+00 -7.67755599519e+01
4.78630092323e+04 2.80054918377e+00 -7.50358117198e+01
4.89778819368e+04 2.63848710940e+00 -7.33351154381e+01
5.01187233627e+04 2.48368780952e+00 -7.16726180887e+01
5.12861383991e+04 2.33582717199e+00 -7.00474836787e+01
5.24807460250e+04 2.19459543110e+00 -6.84588930102e+01
5.37031796370e+04 2.05969654302e+00 -6.69060434451e+01
5.49540873858e+04 1.93084758750e+00 -6.53881486653e+01
5.62341325190e+04 1.80777819479e+00 -6.39044384297e+01
5.75439937337e+04 1.69022999693e+00 -6.24541583283e+01
5.88843655356e+04 1.57795610217e+00 -6.10365695335e+01
6.02559586074e+04 1.47072059192e+00 -5.96509485507e+01
6.16595001861e+04 1.36829803907e+00 -5.82965869666e+01
6.30957344480e+04 1.27047304700e+00 -5.69727911975e+01
6.45654229035e+04 1.17703980831e+00 -5.56788822371e+01
6.60693448008e+04 1.08780168255e+00 -5.44141954046e+01
6.76082975392e+04 1.00257079214e+00 -5.31780800925e+01
6.91830970919e+04 9.21167635765e-01 -5.19698995165e+01
7.07945784384e+04 8.43420718411e-01 -5.07890304655e+01
7.24435960075e+04 7.69166197549e-01 -4.96348630532e+01
7.41310241301e+04 6.98247544609e-01 -4.85068004716e+01
7.58577575029e+04 6.30515221197e-01 -4.74042587464e+01
7.76247116629e+04 5.65826369421e-01 -4.63266664937e+01
7.94328234724e+04 5.04044515725e-01 -4.52734646801e+01
8.12830516164e+04 4.45039287666e-01 -4.42441063842e+01
8.31763771103e+04 3.88686143086e-01 -4.32380565616e+01
8.51138038202e+04 3.34866111140e-01 -4.22547918116e+01
8.70963589956e+04 2.83465544703e-01 -4.12938001473e+01
8.91250938134e+04 2.34375883635e-01 -4.03545807686e+01
9.12010839356e+04 1.87493428464e-01 -3.94366438381e+01
9.33254300797e+04 1.42719124038e-01 -3.85395102599e+01
9.54992586021e+04 9.99583526975e-02 -3.76627114619e+01
9.77237220956e+04 5.91207365861e-02 -3.68057891807e+01
1.00000000000e+05 2.01199486819e-02 -3.59682952505e+01
1.02329299228e+05 -1.71264678157e-02 -3.51497913944e+01
1.04712854805e+05 -5.26972721094e-02 -3.43498490201e+01
1.07151930524e+05 -8.66676907850e-02 -3.35680490176e+01
1.09647819614e+05 -1.19109575481e-01 -3.28039815611e+01
1.12201845430e+05 -1.50091553568e-01 -3.20572459143e+01
1.14815362150e+05 -1.79679172137e-01 -3.13274502385e+01
1.17489755494e+05 -2.07935035596e-01 -3.06142114042e+01
1.20226443462e+05 -2.34918937150e-01 -2.99171548063e+01
1.23026877081e+05 -2.60687984435e-01 -2.92359141825e+01
1.25892541179e+05 -2.85296719556e-01 -2.85701314346e+01
1.28824955169e+05 -3.08797233786e-01 -2.79194564540e+01
1.31825673856e+05 -3.31239277148e-01 -2.72835469489e+01
1.34896288259e+05 -3.52670363115e-01 -2.66620682769e+01
1.38038426460e+05 -3.73135868635e-01 -2.60546932784e+01
1.41253754462e+05 -3.92679129697e-01 -2.54611021153e+01
1.44543977075e+05 -4.11341532617e-01 -2.48809821113e+01
1.47910838817e+05 -4.29162601261e-01 -2.43140275961e+01
1.51356124844e+05 -4.46180080349e-01 -2.37599397526e+01
1.54881661891e+05 -4.62430015045e-01 -2.32184264667e+01
1.58489319246e+05 -4.77946826982e-01 -2.26892021806e+01
1.62181009736e+05 -4.92763386873e-01 -2.21719877487e+01
1.65958690744e+05 -5.06911083878e-01 -2.16665102965e+01
1.69824365246e+05 -5.20419891855e-01 -2.11725030827e+01
1.73780082875e+05 -5.33318432639e-01 -2.06897053634e+01
1.77827941004e+05 -5.45634036480e-01 -2.02178622596e+01
1.81970085861e+05 -5.57392799767e-01 -1.97567246277e+01
1.86208713666e+05 -5.68619640153e-01 -1.93060489318e+01
1.90546071796e+05 -5.79338349204e-01 -1.88655971197e+01
1.94984459976e+05 -5.89571642680e-01 -1.84351365003e+01
1.99526231497e+05 -5.99341208543e-01 -1.80144396251e+01
2.04173794467e+05 -6.08667752809e-01 -1.76032841705e+01
2.08929613085e+05 -6.17571043328e-01 -1.72014528241e+01
2.13796208950e+05 -6.26069951583e-01 -1.68087331724e+01
2.18776162395e+05 -6.34182492607e-01 -1.64249175914e+01
2.23872113857e+05 -6.41925863094e-01 -1.60498031391e+01
2.29086765277e+05 -6.49316477773e-01 -1.56831914510e+01
2.34422881532e+05 -6.56370004147e-01 -1.53248886372e+01
2.39883291902e+05 -6.63101395651e-01 -1.49747051818e+01
2.45470891568e+05 -6.69524923296e-01 -1.46324558450e+01
2.51188643151e+05 -6.75654205885e-01 -1.42979595666e+01
2.57039578277e+05 -6.81502238840e-01 -1.39710393719e+01
2.63026799190e+05 -6.87081421725e-01 -1.36515222803e+01
2.69153480393e+05 -6.92403584504e-01 -1.33392392143e+01
2.75422870334e+05 -6.97480012595e-01 -1.30340249121e+01
2.81838293126e+05 -7.02321470781e-01 -1.27357178417e+01
2.88403150313e+05 -7.06938226016e-01 -1.24441601157e+01
2.95120922667e+05 -7.11340069182e-01 -1.21591974101e+01
3.01995172040e+05 -7.15536335842e-01 -1.18806788827e+01
3.09029543251e+05 -7.19535926026e-01 -1.16084570951e+01
3.16227766017e+05 -7.23347323110e-01 -1.13423879350e+01
3.23593656930e+05 -7.26978611799e-01 -1.10823305414e+01
3.31131121483e+05 -7.30437495285e-01 -1.08281472306e+01
3.38844156139e+05 -7.33731311584e-01 -1.05797034243e+01
3.46736850453e+05 -7.36867049121e-01 -1.03368675789e+01
3.54813389234e+05 -7.39851361560e-01 -1.00995111171e+01
3.63078054770e+05 -7.42690581941e-01 -9.86750836022e+00
3.71535229097e+05 -7.45390736136e-01 -9.64073646233e+00
3.80189396321e+05 -7.47957555660e-01 -9.41907534618e+00
3.89045144994e+05 -7.50396489864e-01 -9.20240764006e+00
3.98107170553e+05 -7.52712717528e-01 -8.99061861643e+00
4.07380277804e+05 -7.54911157900e-01 -8.78359613171e+00
4.16869383470e+05 -7.56996481175e-01 -8.58123056762e+00
4.26579518802e+05 -7.58973118461e-01 -8.38341477369e+00
4.36515832240e+05 -7.60845271245e-01 -8.19004401114e+00
4.46683592151e+05 -7.62616920375e-01 -8.00101589806e+00
4.57088189615e+05 -7.64291834587e-01 -7.81623035579e+00
4.67735141287e+05 -7.65873578587e-01 -7.63558955654e+00
4.78630092323e+05 -7.67365520712e-01 -7.45899787218e+00
4.89778819368e+05 -7.68770840183e-01 -7.28636182430e+00
5.01187233627e+05 -7.70092533970e-01 -7.11759003528e+00
5.12861383991e+05 -7.71333423281e-01 -6.95259318059e+00
5.24807460250e+05 -7.72496159693e-01 -6.79128394217e+00
5.37031796370e+05 -7.73583230935e-01 -6.63357696291e+00
5.49540873858e+05 -7.74596966341e-01 -6.47938880210e+00
5.62341325190e+05 -7.75539541982e-01 -6.32863789208e+00
5.75439937337e+05 -7.76412985494e-01 -6.18124449578e+00
5.88843655356e+05 -7.77219180612e-01 -6.03713066529e+00
6.02559586074e+05 -7.77959871412e-01 -5.89622020152e+00
6.16595001861e+05 -7.78636666294e-01 -5.75843861465e+00
6.30957344480e+05 -7.79251041693e-01 -5.62371308569e+00
6.45654229035e+05 -7.79804345540e-01 -5.49197242887e+00
6.60693448008e+05 -7.80297800487e-01 -5.36314705501e+00
6.76082975392e+05 -7.80732506892e-01 -5.23716893576e+00
6.91830970919e+05 -7.81109445585e-01 -5.11397156874e+00
7.07945784384e+05 -7.81429480420e-01 -4.99348994352e+00
7.24435960075e+05 -7.81693360624e-01 -4.87566050854e+00
7.41310241301e+05 -7.81901722943e-01 -4.76042113878e+00
7.58577575029e+05 -7.82055093609e-01 -4.64771110435e+00
7.76247116629e+05 -7.82153890123e-01 -4.53747103983e+00
7.94328234724e+05 -7.82198422870e-01 -4.42964291448e+00
8.12830516164e+05 -7.82188896566e-01 -4.32417000319e+00
8.31763771103e+05 -7.82125411566e-01 -4.22099685831e+00
8.51138038202e+05 -7.82007965014e-01 -4.12006928217e+00
8.70963589956e+05 -7.81836451862e-01 -4.02133430043e+00
8.91250938134e+05 -7.81610665771e-01 -3.92474013617e+00
9.12010839356e+05 -7.81330299881e-01 -3.83023618473e+00
9.33254300797e+05 -7.80994947489e-01 -3.73777298933e+00
9.54992586021e+05 -7.80604102624e-01 -3.64730221744e+00
9.77237220956e+05 -7.80157160533e-01 -3.55877663778e+00
1.00000000000e+06 -7.79653418103e-01 -3.47215009823e+00
1.02329299228e+06 -7.79092074209e-01 -3.38737750428e+00
1.04712854805e+06 -7.78472230021e-01 -3.30441479833e+00
1.07151930524e+06 -7.77792889270e-01 -3.22321893966e+00
1.09647819614e+06 -7.77052958488e-01 -3.14374788506e+00
1.12201845430e+06 -7.76251247250e-01 -3.06596057025e+00
1.14815362150e+06 -7.75386468407e-01 -2.98981689196e+00
1.17489755494e+06 -7.74457238361e-01 -2.91527769067e+00
1.20226443462e+06 -7.73462077362e-01 -2.84230473408e+00
1.23026877081e+06 -7.72399409884e-01 -2.77086070130e+00
1.25892541179e+06 -7.71267565066e-01 -2.70090916758e+00
1.28824955169e+06 -7.70064777259e-01 -2.63241458991e+00
1.31825673856e+06 -7.68789186696e-01 -2.56534229311e+00
1.34896288259e+06 -7.67438840306e-01 -2.49965845669e+00
1.38038426460e+06 -7.66011692700e-01 -2.43533010230e+00
1.41253754462e+06 -7.64505607354e-01 -2.37232508185e+00
1.44543977075e+06 -7.62918358011e-01 -2.31061206629e+00
1.47910838817e+06 -7.61247630344e-01 -2.25016053490e+00
1.51356124844e+06 -7.59491023893e-01 -2.19094076534e+00
1.54881661891e+06 -7.57646054320e-01 -2.13292382417e+00
1.58489319246e+06 -7.55710156006e-01 -2.07608155796e+00
1.62181009736e+06 -7.53680685034e-01 -2.02038658504e+00
1.65958690744e+06 -7.51554922575e-01 -1.96581228767e+00
1.69824365246e+06 -7.49330078732e-01 -1.91233280476e+00
1.73780082875e+06 -7.47003296862e-01 -1.85992302507e+00
1.77827941004e+06 -7.44571658421e-01 -1.80855858086e+00
1.81970085861e+06 -7.42032188365e-01 -1.75821584191e+00
1.86208713666e+06 -7.39381861141e-01 -1.70887190995e+00
1.90546071796e+06 -7.36617607313e-01 -1.66050461336e+00
1.94984459976e+06 -7.33736320841e-01 -1.61309250221e+00
1.99526231497e+06 -7.30734867065e-01 -1.56661484347e+00
2.04173794467e+06 -7.27610091410e-01 -1.52105161635e+00
2.08929613085e+06 -7.24358828851e-01 -1.47638350785e+00
2.13796208950e+06 -7.20977914157e-01 -1.43259190823e+00
2.18776162395e+06 -7.17464192940e-01 -1.38965890643e+00
2.23872113857e+06 -7.13814533526e-01 -1.34756728549e+00
2.29086765277e+06 -7.10025839657e-01 -1.30630051758e+00
2.34422881532e+06 -7.06095064037e-01 -1.26584275887e+00
2.39883291902e+06 -7.02019222712e-01 -1.22617884396e+00
2.45470891568e+06 -6.97795410288e-01 -1.18729427974e+00
2.51188643151e+06 -6.93420815949e-01 -1.14917523883e+00
2.57039578277e+06 -6.88892740278e-01 -1.11180855211e+00
2.63026799190e+06 -6.84208612817e-01 -1.07518170057e+00
2.69153480393e+06 -6.79366010331e-01 -1.03928280623e+00
2.75422870334e+06 -6.74362675714e-01 -1.00410062197e+00
2.81838293126e+06 -6.69196537463e-01 -9.69624520253e-01
2.88403150313e+06 -6.63865729629e-01 -9.35844480613e-01
2.95120922667e+06 -6.58368612161e-01 -9.02751075764e-01
3.01995172040e+06 -6.52703791501e-01 -8.70335456272e-01
3.09029543251e+06 -6.46870141331e-01 -8.38589333676e-01
3.16227766017e+06 -6.40866823312e-01 -8.07504961990e-01
3.23593656930e+06 -6.34693307658e-01 -7.77075117507e-01
3.31131121483e+06 -6.28349393387e-01 -7.47293076848e-01
3.38844156139e+06 -6.21835228057e-01 -7.18152593212e-01
3.46736850453e+06 -6.15151326793e-01 -6.89647870807e-01
3.54813389234e+06 -6.08298590417e-01 -6.61773537443e-01
3.63078054770e+06 -6.01278322446e-01 -6.34524615319e-01
3.71535229097e+06 -5.94092244769e-01 -6.07896490025e-01
3.80189396321e+06 -5.86742511762e-01 -5.81884877832e-01
3.89045144994e+06 -5.79231722634e-01 -5.56485791353e-01
3.98107170553e+06 -5.71562931789e-01 -5.31695503690e-01
4.07380277804e+06 -5.63739656979e-01 -5.07510511213e-01
4.16869383470e+06 -5.55765885074e-01 -4.83927495130e-01
4.26579518802e+06 -5.47646075235e-01 -4.60943282056e-01
4.36515832240e+06 -5.39385159335e-01 -4.38554803797e-01
4.46683592151e+06 -5.30988539487e-01 -4.16759056590e-01
4.57088189615e+06 -5.22462082535e-01 -3.95553060083e-01
4.67735141287e+06 -5.13812111432e-01 -3.74933816326e-01
4.78630092323e+06 -5.05045393429e-01 -3.54898269093e-01
4.89778819368e+06 -4.96169125053e-01 -3.35443263848e-01
5.01187233627e+06 -4.87190913872e-01 -3.16565508678e-01
5.12861383991e+06 -4.78118757101e-01 -2.98261536536e-01
5.24807460250e+06 -4.68961017126e-01 -2.80527669116e-01
5.37031796370e+06 -4.59726394070e-01 -2.63359982689e-01
5.49540873858e+06 -4.50423895573e-01 -2.46754276213e-01
5.62341325190e+06 -4.41062803971e-01 -2.30706042020e-01
5.75439937337e+06 -4.31652641130e-01 -2.15210439353e-01
5.88843655356e+06 -4.22203131196e-01 -2.00262271000e-01
6.02559586074e+06 -4.12724161562e-01 -1.85855963255e-01
6.16595001861e+06 -4.03225742392e-01 -1.71985549378e-01
6.30957344480e+06 -3.93717965041e-01 -1.58644656712e-01
6.45654229035e+06 -3.84210959740e-01 -1.45826497550e-01
6.60693448008e+06 -3.74714852938e-01 -1.33523863826e-01
6.76082975392e+06 -3.65239724664e-01 -1.21729125631e-01
6.91830970919e+06 -3.55795566307e-01 -1.10434233543e-01
7.07945784384e+06 -3.46392239191e-01 -9.96307246846e-02
7.24435960075e+06 -3.37039434300e-01 -8.93097324004e-02
7.41310241301e+06 -3.27746633514e-01 -7.94619993926e-02
7.58577575029e+06 -3.18523072665e-01 -7.00778941240e-02
7.76247116629e+06 -3.09377706727e-01 -6.11474302567e-02
7.94328234724e+06 -3.00319177393e-01 -5.26602888683e-02
8.12830516164e+06 -2.91355783279e-01 -4.46058431607e-02
8.31763771103e+06 -2.82495452947e-01 -3.69731853544e-02
8.51138038202e+06 -2.73745720904e-01 -2.97511554498e-02
8.70963589956e+06 -2.65113706692e-01 -2.29283715224e-02
8.91250938134e+06 -2.56606097152e-01 -1.64932612160e-02
9.12010839356e+06 -2.48229131891e-01 -1.04340940992e-02
9.33254300797e+06 -2.39988591963e-01 -4.73901455306e-03
9.54992586021e+06 -2.31889791714e-01 6.03925129965e-04
9.77237220956e+06 -2.23937573742e-01 5.60673174459e-03
1.00000000000e+07 -2.16136306841e-01 1.02814385581e-02
1.02329299228e+07 -2.08489886836e-01 1.46400733525e-02
1.04712854805e+07 -2.01001740130e-01 1.86946273716e-02
1.07151930524e+07 -1.93674829798e-01 2.24570253931e-02
1.09647819614e+07 -1.86511664047e-01 2.59390971240e-02
1.12201845430e+07 -1.79514306828e-01 2.91525500874e-02
1.14815362150e+07 -1.72684390392e-01 3.21089441419e-02
1.17489755494e+07 -1.66023129580e-01 3.48196677502e-02
1.20226443462e+07 -1.59531337611e-01 3.72959160826e-02
1.23026877081e+07 -1.53209443167e-01 3.95486710202e-02
1.25892541179e+07 -1.47057508547e-01 4.15886830956e-02
1.28824955169e+07 -1.41075248684e-01 4.34264553862e-02
1.31825673856e+07 -1.35262050822e-01 4.50722293564e-02
1.34896288259e+07 -1.29616994661e-01 4.65359726244e-02
1.38038426460e+07 -1.24138872795e-01 4.78273686118e-02
1.41253754462e+07 -1.18826211262e-01 4.89558080224e-02
1.44543977075e+07 -1.13677290061e-01 4.99303820803e-02
1.47910838817e+07 -1.08690163495e-01 5.07598774495e-02
1.51356124844e+07 -1.03862680205e-01 5.14527727465e-02
1.54881661891e+07 -9.91925027897e-02 5.20172365523e-02
1.58489319246e+07 -9.46771269063e-02 5.24611268243e-02
1.62181009736e+07 -9.03138997731e-02 5.27919916054e-02
1.65958690744e+07 -8.61000379952e-02 5.30170709248e-02
1.69824365246e+07 -8.20326446578e-02 5.31432997878e-02
1.73780082875e+07 -7.81087256387e-02 5.31773121468e-02
1.77827941004e+07 -7.43252051021e-02 5.31254457542e-02
1.81970085861e+07 -7.06789401489e-02 5.29937477947e-02
1.86208713666e+07 -6.71667346051e-02 5.27879812013e-02
1.90546071796e+07 -6.37853519398e-02 5.25136315619e-02
1.94984459976e+07 -6.05315273130e-02 5.21759145284e-02
1.99526231497e+07 -5.74019787578e-02 5.17797836445e-02
2.04173794467e+07 -5.43934175082e-02 5.13299385131e-02
2.08929613085e+07 -5.15025574916e-02 5.08308332311e-02
2.13796208950e+07 -4.87261240045e-02 5.02866850228e-02
2.18776162395e+07 -4.60608615979e-02 4.97014830088e-02
2.23872113857e+07 -4.35035412000e-02 4.90789970537e-02
2.29086765277e+07 -4.10509665061e-02 4.84227866391e-02
2.34422881532e+07 -3.86999796688e-02 4.77362097153e-02
2.39883291902e+07 -3.64474663210e-02 4.70224314881e-02
2.45470891568e+07 -3.42903599674e-02 4.62844331028e-02
2.51188643151e+07 -3.22256457796e-02 4.55250201922e-02
2.57039578277e+07 -3.02503638291e-02 4.47468312566e-02
2.63026799190e+07 -2.83616117957e-02 4.39523458528e-02
2.69153480393e+07 -2.65565471849e-02 4.31438925664e-02
2.75422870334e+07 -2.48323890901e-02 4.23236567510e-02
2.81838293126e+07 -2.31864195330e-02 4.14936880163e-02
2.88403150313e+07 -2.16159844165e-02 4.06559074525e-02
2.95120922667e+07 -2.01184941219e-02 3.98121145807e-02
3.01995172040e+07 -1.86914237822e-02 3.89639940201e-02
3.09029543251e+07 -1.73323132625e-02 3.81131218673e-02
3.16227766017e+07 -1.60387668764e-02 3.72609717820e-02
3.23593656930e+07 -1.48084528673e-02 3.64089207789e-02
3.31131121483e+07 -1.36391026819e-02 3.55582547231e-02
3.38844156139e+07 -1.25285100617e-02 3.47101735328e-02
3.46736850453e+07 -1.14745299779e-02 3.38657960890e-02
3.54813389234e+07 -1.04750774335e-02 3.30261648595e-02
3.63078054770e+07 -9.52812615556e-03 3.21922502385e-02
3.71535229097e+07 -8.63170719885e-03 3.13649546123e-02
3.80189396321e+07 -7.78390748152e-03 3.05451161550e-02
3.89045144994e+07 -6.98286827212e-03 2.97335123653e-02
3.98107170553e+07 -6.22678364590e-03 2.89308633519e-02
4.07380277804e+07 -5.51389892729e-03 2.81378348793e-02
4.16869383470e+07 -4.84250913417e-03 2.73550411837e-02
4.26579518802e+07 -4.21095743829e-03 2.65830475721e-02
4.36515832240e+07 -3.61763365496e-03 2.58223728152e-02
4.46683592151e+07 -3.06097277371e-03 2.50734913495e-02
4.57088189615e+07 -2.53945354033e-03 2.43368352996e-02
4.67735141287e+07 -2.05159709944e-03 2.36127963363e-02
4.78630092323e+07 -1.59596570523e-03 2.29017273831e-02
4.89778819368e+07 -1.17116150659e-03 2.22039441869e-02
5.01187233627e+07 -7.75825411614e-04 2.15197267662e-02
5.12861383991e+07 -4.08636034900e-04 2.08493207504e-02
5.24807460250e+07 -6.83087297703e-05 2.01929386268e-02
5.37031796370e+07 2.46405293854e-04 1.95507609055e-02
5.49540873858e+07 5.36719766476e-04 1.89229372188e-02
5.62341325190e+07 8.03814072762e-04 1.83095873656e-02
5.75439937337e+07 1.04883388500e-03 1.77108023138e-02
5.88843655356e+07 1.27289172040e-03 1.71266451725e-02
6.02559586074e+07 1.47706742723e-03 1.65571521426e-02
6.16595001861e+07 1.66240860593e-03 1.60023334577e-02
6.30957344480e+07 1.82993097175e-03 1.54621743210e-02
6.45654229035e+07 1.98061866639e-03 1.49366358481e-02
6.60693448008e+07 2.11542452634e-03 1.44256560190e-02
6.76082975392e+07 2.23527031622e-03 1.39291506467e-02
6.91830970919e+07 2.34104693531e-03 1.34470143641e-02
7.07945784384e+07 2.43361460569e-03 1.29791216331e-02
7.24435960075e+07 2.51380305023e-03 1.25253277757e-02
7.41310241301e+07 2.58241166848e-03 1.20854700294e-02
7.58577575029e+07 2.64020971790e-03 1.16593686234e-02
7.76247116629e+07 2.68793650780e-03 1.12468278764e-02
7.94328234724e+07 2.72630161229e-03 1.08476373118e-02
8.12830516164e+07 2.75598510829e-03 1.04615727867e-02
8.31763771103e+07 2.77763784350e-03 1.00883976324e-02
8.51138038202e+07 2.79188173881e-03 9.72786379933e-03
8.70963589956e+07 2.79931012845e-03 9.37971300398e-03
8.91250938134e+07 2.80048814068e-03 9.04367787064e-03
9.12010839356e+07 2.79595312062e-03 8.71948306365e-03
9.33254300797e+07 2.78621509623e-03 8.40684640443e-03
9.54992586021e+07 2.77175728767e-03 8.10547996793e-03
9.77237220956e+07 2.75303665926e-03 7.81509115340e-03
1.00000000000e+08 2.73048451296e-03 7.53538372454e-03
1.02329299228e+08 2.70450712127e-03 7.26605881444e-03
1.04712854805e+08 2.67548639710e-03 7.00681589120e-03
1.07151930524e+08 2.64378059787e-03 6.75735368043e-03
1.09647819614e+08 2.60972506009e-03 6.51737104144e-03
1.12201845430e+08 2.57363296119e-03 6.28656779444e-03
1.14815362150e+08 2.53579610432e-03 6.06464549640e-03
1.17489755494e+08 2.49648572238e-03 5.85130816416e-03
1.20226443462e+08 2.45595329682e-03 5.64626294343e-03
1.23026877081e+08 2.41443138730e-03 5.44922072319e-03
1.25892541179e+08 2.37213446799e-03 5.25989669532e-03
1.28824955169e+08 2.32925976638e-03 5.07801085975e-03
1.31825673856e+08 2.28598810093e-03 4.90328847594e-03
1.34896288259e+08 2.24248471375e-03 4.73546046173e-03
1.38038426460e+08 2.19890009482e-03 4.57426374111e-03
1.41253754462e+08 2.15537079469e-03 4.41944154260e-03
1.44543977075e+08 2.11202022257e-03 4.27074365031e-03
1.47910838817e+08 2.06895942727e-03 4.12792660989e-03
1.51356124844e+08 2.02628785855e-03 3.99075389179e-03
1.54881661891e+08 1.98409410695e-03 3.85899601426e-03
1.58489319246e+08 1.94245662021e-03 3.73243062890e-03
1.62181009736e+08 1.90144439488e-03 3.61084257123e-03
1.65958690744e+08 1.86111764194e-03 3.49402387907e-03
1.69824365246e+08 1.82152842546e-03 3.38177378145e-03
1.73780082875e+08 1.78272127364e-03 3.27389866065e-03
1.77827941004e+08 1.74473376188e-03 3.17021198995e-03
1.81970085861e+08 1.70759706751e-03 3.07053424971e-03
1.86208713666e+08 1.67133649627e-03 2.97469282412e-03
1.90546071796e+08 1.63597198072e-03 2.88252188099e-03
1.94984459976e+08 1.60151855075e-03 2.79386223681e-03
1.99526231497e+08 1.56798677690e-03 2.70856120914e-03
2.04173794467e+08 1.53538318677e-03 2.62647245835e-03
2.08929613085e+08 1.50371065548e-03 2.54745582046e-03
2.13796208950e+08 1.47296877085e-03 2.47137713284e-03
2.18776162395e+08 1.44315417406e-03 2.39810805438e-03
2.23872113857e+08 1.41426087687e-03 2.32752588146e-03
2.29086765277e+08 1.38628055626e-03 2.25951336111e-03
2.34422881532e+08 1.35920282744e-03 2.19395850257e-03
2.39883291902e+08 1.33301549635e-03 2.13075438819e-03
2.45470891568e+08 1.30770479253e-03 2.06979898481e-03
2.51188643151e+08 1.28325558349e-03 2.01099495630e-03
2.57039578277e+08 1.25965157152e-03 1.95424947809e-03
2.63026799190e+08 1.23687547400e-03 1.89947405437e-03
2.69153480393e+08 1.21490918811e-03 1.84658433839e-03
2.75422870334e+08 1.19373394100e-03 1.79549995648e-03
2.81838293126e+08 1.17333042624e-03 1.74614433617e-03
2.88403150313e+08 1.15367892756e-03 1.69844453861e-03
2.95120922667e+08 1.13475943060e-03 1.65233109572e-03
3.01995172040e+08 1.11655172373e-03 1.60773785226e-03
3.09029543251e+08 1.09903548842e-03 1.56460181284e-03
3.16227766017e+08 1.08219038028e-03 1.52286299415e-03
3.23593656930e+08 1.06599610113e-03 1.48246428243e-03
3.31131121483e+08 1.05043246305e-03 1.44335129614e-03
3.38844156139e+08 1.03547944492e-03 1.40547225390e-03
3.46736850453e+08 1.02111724212e-03 1.36877784777e-03
3.54813389234e+08 1.00732630988e-03 1.33322112151e-03
3.63078054770e+08 9.94087400900e-04 1.29875735418e-03
3.71535229097e+08 9.81381597679e-04 1.26534394860e-03
3.80189396321e+08 9.69190340071e-04 1.23294032476e-03
3.89045144994e+08 9.57495448444e-04 1.20150781809e-03
3.98107170553e+08 9.46279142888e-04 1.17100958235e-03
4.07380277804e+08 9.35524058843e-04 1.14141049702e-03
4.16869383470e+08 9.25213259468e-04 1.11267707918e-03
4.26579518802e+08 9.15330245104e-04 1.08477739953e-03
4.36515832240e+08 9.05858960108e-04 1.05768100257e-03
4.46683592151e+08 8.96783797338e-04 1.03135883074e-03
4.57088189615e+08 8.88089600538e-04 1.00578315226e-03
4.67735141287e+08 8.79761664855e-04 9.80927492707e-04
4.78630092323e+08 8.71785735701e-04 9.56766570055e-04
4.89778819368e+08 8.64148006155e-04 9.33276233016e-04
5.01187233627e+08 8.56835113074e-04 9.10433402626e-04
5.12861383991e+08 8.49834132086e-04 8.88216016863e-04
5.24807460250e+08 8.43132571612e-04 8.66602978175e-04
5.37031796370e+08 8.36718366033e-04 8.45574103795e-04
5.49540873858e+08 8.30579868154e-04 8.25110078692e-04
5.62341325190e+08 8.24705841049e-04 8.05192411046e-04
5.75439937337e+08 8.19085449402e-04 7.85803390111e-04
5.88843655356e+08 8.13708250429e-04 7.66926046361e-04
6.02559586074e+08 8.08564184464e-04 7.48544113789e-04
6.16595001861e+08 8.03643565279e-04 7.30641994258e-04
6.30957344480e+08 7.98937070214e-04 7.13204723802e-04
6.45654229035e+08 7.94435730159e-04 6.96217940760e-04
6.60693448008e+08 7.90130919457e-04 6.79667855666e-04
6.76082975392e+08 7.86014345766e-04 6.63541222790e-04
6.91830970919e+08 7.82078039922e-04 6.47825313240e-04
7.07945784384e+08 7.78314345844e-04 6.32507889548e-04
7.24435960075e+08 7.74715910508e-04 6.17577181658e-04
7.41310241301e+08 7.71275674020e-04 6.03021864231e-04
7.58577575029e+08 7.67986859814e-04 5.88831035211e-04
7.76247116629e+08 7.64842964997e-04 5.74994195560e-04
7.94328234724e+08 7.61837750855e-04 5.61501230116e-04
8.12830516164e+08 7.58965233536e-04 5.48342389504e-04
8.31763771103e+08 7.56219674928e-04 5.35508273033e-04
8.51138038202e+08 7.53595573742e-04 5.22989812542e-04
8.70963589956e+08 7.51087656797e-04 5.10778257118e-04
8.91250938134e+08 7.48690870531e-04 4.98865158657e-04
9.12010839356e+08 7.46400372732e-04 4.87242358202e-04
9.33254300797e+08 7.44211524497e-04 4.75901973027e-04
9.54992586021e+08 7.42119882419e-04 4.64836384422e-04
9.77237220956e+08 7.40121191005e-04 4.54038226124e-04
1.00000000000e+09 7.38211375325e-04 4.43500373381e-04
1.02329299228e+09 7.36386533895e-04 4.33215932589e-04
1.04712854805e+09 7.34642931779e-04 4.23178231485e-04
1.07151930524e+09 7.32976993930e-04 4.13380809856e-04
1.09647819614e+09 7.31385298745e-04 4.03817410731e-04
1.12201845430e+09 7.29864571850e-04 3.94481972043e-04
1.14815362150e+09 7.28411680089e-04 3.85368618708e-04
1.17489755494e+09 7.27023625741e-04 3.76471655128e-04
1.20226443462e+09 7.25697540935e-04 3.67785558064e-04
1.23026877081e+09 7.24430682274e-04 3.59304969879e-04
1.25892541179e+09 7.23220425653e-04 3.51024692115e-04
1.28824955169e+09 7.22064261280e-04 3.42939679397e-04
1.31825673856e+09 7.20959788873e-04 3.35045033632e-04
1.34896288259e+09 7.19904713056e-04 3.27335998500e-04
1.38038426460e+09 7.18896838919e-04 3.19807954206e-04
1.41253754462e+09 7.17934067759e-04 3.12456412493e-04
1.44543977075e+09 7.17014392988e-04 3.05277011884e-04
1.47910838817e+09 7.16135896202e-04 2.98265513157e-04
1.51356124844e+09 7.15296743405e-04 2.91417795028e-04
1.54881661891e+09 7.14495181392e-04 2.84729850037e-04
1.58489319246e+09 7.13729534266e-04 2.78197780615e-04
1.62181009736e+09 7.12998200113e-04 2.71817795342e-04
1.65958690744e+09 7.12299647799e-04 2.65586205364e-04
1.69824365246e+09 7.11632413907e-04 2.59499420971e-04
1.73780082875e+09 7.10995099796e-04 2.53553948324e-04
1.77827941004e+09 7.10386368789e-04 2.47746386333e-04
1.81970085861e+09 7.09804943472e-04 2.42073423655e-04
1.86208713666e+09 7.09249603105e-04 2.36531835831e-04
1.90546071796e+09 7.08719181153e-04 2.31118482535e-04
1.94984459976e+09 7.08212562906e-04 2.25830304946e-04
1.99526231497e+09 7.07728683213e-04 2.20664323220e-04
2.04173794467e+09 7.07266524305e-04 2.15617634066e-04
2.08929613085e+09 7.06825113715e-04 2.10687408422e-04
2.13796208950e+09 7.06403522280e-04 2.05870889218e-04
2.18776162395e+09 7.06000862241e-04 2.01165389233e-04
2.23872113857e+09 7.05616285409e-04 1.96568289030e-04
2.29086765277e+09 7.05248981428e-04 1.92077034968e-04
2.34422881532e+09 7.04898176095e-04 1.87689137294e-04
2.39883291902e+09 7.04563129767e-04 1.83402168302e-04
2.45470891568e+09 7.04243135827e-04 1.79213760563e-04
2.51188643151e+09 7.03937519225e-04 1.75121605218e-04
2.57039578277e+09 7.03645635077e-04 1.71123450329e-04
2.63026799190e+09 7.03366867327e-04 1.67217099291e-04
2.69153480393e+09 7.03100627466e-04 1.63400409307e-04
2.75422870334e+09 7.02846353310e-04 1.59671289899e-04
2.81838293126e+09 7.02603507828e-04 1.56027701487e-04
2.88403150313e+09 7.02371578027e-04 1.52467654007e-04
2.95120922667e+09 7.02150073876e-04 1.48989205576e-04
3.01995172040e+09 7.01938527289e-04 1.45590461204e-04
3.09029543251e+09 7.01736491145e-04 1.42269571547e-04
3.16227766017e+09 7.01543538355e-04 1.39024731699e-04
3.23593656930e+09 7.01359260966e-04 1.35854180025e-04
3.31131121483e+09 7.01183269309e-04 1.32756197028e-04
3.38844156139e+09 7.01015191185e-04 1.29729104257e-04
3.46736850453e+09 7.00854671080e-04 1.26771263243e-04
3.54813389234e+09 7.00701369425e-04 1.23881074468e-04
3.63078054770e+09 7.00554961879e-04 1.21056976373e-04
3.71535229097e+09 7.00415138652e-04 1.18297444386e-04
3.80189396321e+09 7.00281603853e-04 1.15600989988e-04
3.89045144994e+09 7.00154074868e-04 1.12966159795e-04
3.98107170553e+09 7.00032281765e-04 1.10391534684e-04
4.07380277804e+09 6.99915966728e-04 1.07875728927e-04
4.16869383470e+09 6.99804883517e-04 1.05417389360e-04
4.26579518802e+09 6.99698796944e-04 1.03015194575e-04
4.36515832240e+09 6.99597482383e-04 1.00667854132e-04
4.46683592151e+09 6.99500725292e-04 9.83741077955e-05
4.57088189615e+09 6.99408320768e-04 9.61327247903e-05
4.67735141287e+09 6.99320073109e-04 9.39425030804e-05
4.78630092323e+09 6.99235795403e-04 9.18022686659e-05
4.89778819368e+09 6.99155309137e-04 8.97108748998e-05
5.01187233627e+09 6.99078443815e-04 8.76672018235e-05
5.12861383991e+09 6.99005036604e-04 8.56701555201e-05
5.24807460250e+09 6.98934931987e-04 8.37186674846e-05
5.37031796370e+09 6.98867981435e-04 8.18116940118e-05
5.49540873858e+09 6.98804043093e-04 7.99482155997e-05
5.62341325190e+09 6.98742981485e-04 7.81272363685e-05
5.75439937337e+09 6.98684667221e-04 7.63477834956e-05
5.88843655356e+09 6.98628976727e-04 7.46089066647e-05
6.02559586074e+09 6.98575791985e-04 7.29096775291e-05
6.16595001861e+09 6.98525000284e-04 7.12491891893e-05
6.30957344480e+09 6.98476493976e-04 6.96265556836e-05
6.45654229035e+09 6.98430170256e-04 6.80409114920e-05
6.60693448008e+09 6.98385930940e-04 6.64914110521e-05
6.76082975392e+09 6.98343682260e-04 6.49772282885e-05
6.91830970919e+09 6.98303334662e-04 6.34975561526e-05
7.07945784384e+09 6.98264802622e-04 6.20516061745e-05
7.24435960075e+09 6.98228004459e-04 6.06386080269e-05
7.41310241301e+09 6.98192862166e-04 5.92578090985e-05
7.58577575029e+09 6.98159301246e-04 5.79084740788e-05
7.76247116629e+09 6.98127250551e-04 5.65898845531e-05
7.94328234724e+09 6.98096642132e-04 5.53013386072e-05
8.12830516164e+09 6.98067411099e-04 5.40421504421e-05
8.31763771103e+09 6.98039495477e-04 5.28116499978e-05
8.51138038202e+09 6.98012836082e-04 5.16091825867e-05
8.70963589956e+09 6.97987376389e-04 5.04341085354e-05
8.91250938134e+09 6.97963062419e-04 4.92858028358e-05
9.12010839356e+09 6.97939842618e-04 4.81636548041e-05
9.33254300797e+09 6.97917667754e-04 4.70670677481e-05
9.54992586021e+09 6.97896490807e-04 4.59954586430e-05
9.77237220956e+09 6.97876266874e-04 4.49482578142e-05
1.00000000000e+10 6.97856953072e-04 4.39249086288e-05
1.02329299228e+10 6.97838508446e-04 4.29248671928e-05
1.04712854805e+10 6.97820893885e-04 4.19476020576e-05
1.07151930524e+10 6.97804072037e-04 4.09925939316e-05
1.09647819614e+10 6.97788007230e-04 4.00593353999e-05
1.12201845430e+10 6.97772665398e-04 3.91473306499e-05
1.14815362150e+10 6.97758014007e-04 3.82560952041e-05
1.17489755494e+10 6.97744021986e-04 3.73851556586e-05
1.20226443462e+10 6.97730659664e-04 3.65340494278e-05
1.23026877081e+10 6.97717898703e-04 3.57023244957e-05
1.25892541179e+10 6.97705712042e-04 3.48895391723e-05
1.28824955169e+10 6.97694073836e-04 3.40952618565e-05
1.31825673856e+10 6.97682959404e-04 3.33190708037e-05
1.34896288259e+10 6.97672345175e-04 3.25605538995e-05
1.38038426460e+10 6.97662208638e-04 3.18193084384e-05
1.41253754462e+10 6.97652528296e-04 3.10949409079e-05
1.44543977075e+10 6.97643283619e-04 3.03870667775e-05
1.47910838817e+10 6.97634455002e-04 2.96953102923e-05
1.51356124844e+10 6.97626023719e-04 2.90193042720e-05
1.54881661891e+10 6.97617971889e-04 2.83586899142e-05
1.58489319246e+10 6.97610282437e-04 2.77131166026e-05
1.62181009736e+10 6.97602939053e-04 2.70822417190e-05
1.65958690744e+10 6.97595926163e-04 2.64657304603e-05
1.69824365246e+10 6.97589228893e-04 2.58632556597e-05
1.73780082875e+10 6.97582833040e-04 2.52744976116e-05
1.77827941004e+10 6.97576725038e-04 2.46991439008e-05
1.81970085861e+10 6.97570891932e-04 2.41368892361e-05
1.86208713666e+10 6.97565321351e-04 2.35874352867e-05
1.90546071796e+10 6.97560001481e-04 2.30504905234e-05
1.94984459976e+10 6.97554921038e-04 2.25257700633e-05
1.99526231497e+10 6.97550069246e-04 2.20129955170e-05
2.04173794467e+10 6.97545435815e-04 2.15118948411e-05
2.08929613085e+10 6.97541010918e-04 2.10222021926e-05
2.13796208950e+10 6.97536785169e-04 2.05436577873e-05
2.18776162395e+10 6.97532749606e-04 2.00760077617e-05
2.23872113857e+10 6.97528895670e-04 1.96190040374e-05
2.29086765277e+10 6.97525215186e-04 1.91724041890e-05
2.34422881532e+10 6.97521700348e-04 1.87359713152e-05
2.39883291902e+10 6.97518343700e-04 1.83094739126e-05
2.45470891568e+10 6.97515138124e-04 1.78926857525e-05
2.51188643151e+10 6.97512076821e-04 1.74853857604e-05
2.57039578277e+10 6.97509153296e-04 1.70873578983e-05
2.63026799190e+10 6.97506361350e-04 1.66983910500e-05
2.69153480393e+10 6.97503695060e-04 1.63182789089e-05
2.75422870334e+10 6.97501148771e-04 1.59468198675e-05
2.81838293126e+10 6.97498717083e-04 1.55838169113e-05
2.88403150313e+10 6.97496394837e-04 1.52290775132e-05
2.95120922667e+10 6.97494177108e-04 1.48824135314e-05
3.01995172040e+10 6.97492059193e-04 1.45436411095e-05
3.09029543251e+10 6.97490036598e-04 1.42125805788e-05
3.16227766017e+10 6.97488105034e-04 1.38890563624e-05
3.23593656930e+10 6.97486260404e-04 1.35728968824e-05
3.31131121483e+10 6.97484498795e-04 1.32639344685e-05
3.38844156139e+10 6.97482816471e-04 1.29620052690e-05
3.46736850453e+10 6.97481209863e-04 1.26669491636e-05
3.54813389234e+10 6.97479675564e-04 1.23786096784e-05
3.63078054770e+10 6.97478210319e-04 1.20968339028e-05
3.71535229097e+10 6.97476811020e-04 1.18214724086e-05
3.80189396321e+10 6.97475474700e-04 1.15523791700e-05
3.89045144994e+10 6.97474198524e-04 1.12894114866e-05
3.98107170553e+10 6.97472979785e-04 1.10324299073e-05
4.07380277804e+10 6.97471815897e-04 1.07812981565e-05
4.16869383470e+10 6.97470704393e-04 1.05358830616e-05
4.26579518802e+10 6.97469642915e-04 1.02960544823e-05
4.36515832240e+10 6.97468629211e-04 1.00616852416e-05
4.46683592151e+10 6.97467661130e-04 9.83265105811e-06
4.57088189615e+10 6.97466736621e-04 9.60883048038e-06
4.67735141287e+10 6.97465853720e-04 9.39010482212e-06
4.78630092323e+10 6.97465010557e-04 9.17635809940e-06
4.89778819368e+10 6.97464205342e-04 8.96747696901e-06
5.01187233627e+10 6.97463436368e-04 8.76335066834e-06
5.12861383991e+10 6.97462702003e-04 8.56387095659e-06
5.24807460250e+10 6.97462000690e-04 8.36893205736e-06
5.37031796370e+10 6.97461330941e-04 8.17843060245e-06
5.49540873858e+10 6.97460691335e-04 7.99226557708e-06
5.62341325190e+10 6.97460080517e-04 7.81033826626e-06
5.75439937337e+10 6.97459497189e-04 7.63255220240e-06
5.88843655356e+10 6.97458940116e-04 7.45881311415e-06
6.02559586074e+10 6.97458408115e-04 7.28902887639e-06
6.16595001861e+10 6.97457900058e-04 7.12310946132e-06
6.30957344480e+10 6.97457414867e-04 6.96096689072e-06
6.45654229035e+10 6.97456951514e-04 6.80251518928e-06
6.60693448008e+10 6.97456509014e-04 6.64767033898e-06
6.76082975392e+10 6.97456086431e-04 6.49635023452e-06
6.91830970919e+10 6.97455682866e-04 6.34847463978e-06
7.07945784384e+10 6.97455297465e-04 6.20396514522e-06
7.24435960075e+10 6.97454929410e-04 6.06274512634e-06
7.41310241301e+10 6.97454577920e-04 5.92473970300e-06
7.58577575029e+10 6.97454242250e-04 5.78987569969e-06
7.76247116629e+10 6.97453921687e-04 5.65808160677e-06
7.94328234724e+10 6.97453615552e-04 5.52928754247e-06
8.12830516164e+10 6.97453323196e-04 5.40342521589e-06
8.31763771103e+10 6.97453043997e-04 5.28042789074e-06
8.51138038202e+10 6.97452777365e-04 5.16023034994e-06
8.70963589956e+10 6.97452522733e-04 5.04276886107e-06
8.91250938134e+10 6.97452279561e-04 4.92798114250e-06
9.12010839356e+10 6.97452047334e-04 4.81580633045e-06
9.33254300797e+10 6.97451825558e-04 4.70618494663e-06
9.54992586021e+10 6.97451613765e-04 4.59905886672e-06
9.77237220956e+10 6.97451411503e-04 4.49437128957e-06
1.00000000000e+11 6.97451218345e-04 4.39206670706e-06
